  324
 0.000000  0.000000  1.000000
 0.052336  0.000000  0.998630
 0.052137  0.004561  0.998630
 0.051541  0.009088  0.998630
 0.050553  0.013546  0.998630
 0.049180  0.017900  0.998630
 0.047432  0.022118  0.998630
 0.045324  0.026168  0.998630
 0.104528  0.000000  0.994522
 0.104274  0.007292  0.994522
 0.103511  0.014548  0.994522
 0.102244  0.021733  0.994522
 0.100479  0.028812  0.994522
 0.098225  0.035751  0.994522
 0.095491  0.042516  0.994522
 0.092293  0.049073  0.994522
 0.156434  0.000000  0.987688
 0.156220  0.008187  0.987688
 0.155578  0.016352  0.987688
 0.154509  0.024472  0.987688
 0.153016  0.032525  0.987688
 0.151104  0.040488  0.987688
 0.148778  0.048341  0.987688
 0.146044  0.056061  0.987688
 0.142910  0.063628  0.987688
 0.139384  0.071020  0.987688
 0.135476  0.078217  0.987688
 0.207912  0.000000  0.978148
 0.207627  0.010881  0.978148
 0.206773  0.021733  0.978148
 0.205352  0.032525  0.978148
 0.203368  0.043227  0.978148
 0.200827  0.053812  0.978148
 0.197736  0.064248  0.978148
 0.194102  0.074509  0.978148
 0.189937  0.084565  0.978148
 0.185251  0.094390  0.978148
 0.180057  0.103956  0.978148
 0.258819  0.000000  0.965926
 0.258464  0.013546  0.965926
 0.257401  0.027054  0.965926
 0.255633  0.040488  0.965926
 0.253163  0.053812  0.965926
 0.250000  0.066987  0.965926
 0.246152  0.079979  0.965926
 0.241628  0.092752  0.965926
 0.236443  0.105271  0.965926
 0.230609  0.117501  0.965926
 0.224144  0.129410  0.965926
 0.309017  0.000000  0.951057
 0.308594  0.016173  0.951057
 0.307324  0.032301  0.951057
 0.305212  0.048341  0.951057
 0.302264  0.064248  0.951057
 0.298488  0.079979  0.951057
 0.293893  0.095492  0.951057
 0.288492  0.110742  0.951057
 0.282301  0.125689  0.951057
 0.275336  0.140291  0.951057
 0.267617  0.154509  0.951057
 0.358368  0.000000  0.933580
 0.357877  0.018756  0.933580
 0.356405  0.037460  0.933580
 0.353956  0.056061  0.933580
 0.350537  0.074509  0.933580
 0.346157  0.092752  0.933580
 0.340828  0.110742  0.933580
 0.334565  0.128428  0.933580
 0.327385  0.145761  0.933580
 0.319308  0.162696  0.933580
 0.310356  0.179184  0.933580
 0.406737  0.000000  0.913545
 0.406179  0.021287  0.913545
 0.404509  0.042516  0.913545
 0.401729  0.063628  0.913545
 0.397848  0.084565  0.913545
 0.392877  0.105271  0.913545
 0.386830  0.125689  0.913545
 0.379721  0.145761  0.913545
 0.371572  0.165435  0.913545
 0.362405  0.184655  0.913545
 0.352244  0.203368  0.913545
 0.453990  0.000000  0.891007
 0.453368  0.023760  0.891007
 0.451503  0.047455  0.891007
 0.448401  0.071020  0.891007
 0.444070  0.094390  0.891007
 0.438521  0.117501  0.891007
 0.431771  0.140291  0.891007
 0.423837  0.162696  0.891007
 0.414741  0.184655  0.891007
 0.404509  0.206107  0.891007
 0.393167  0.226995  0.891007
 0.500000  0.000000  0.866025
 0.499315  0.026168  0.866025
 0.497261  0.052264  0.866025
 0.493844  0.078217  0.866025
 0.489074  0.103956  0.866025
 0.482963  0.129410  0.866025
 0.475528  0.154509  0.866025
 0.466790  0.179184  0.866025
 0.456773  0.203368  0.866025
 0.445503  0.226995  0.866025
 0.433013  0.250000  0.866025
 0.544639  0.000000  0.838671
 0.543893  0.028504  0.838671
 0.541655  0.056930  0.838671
 0.537934  0.085200  0.838671
 0.532737  0.113237  0.838671
 0.526081  0.140963  0.838671
 0.517983  0.168303  0.838671
 0.508464  0.195181  0.838671
 0.497553  0.221525  0.838671
 0.485277  0.247261  0.838671
 0.471671  0.272320  0.838671
 0.587785  0.000000  0.809017
 0.586980  0.030762  0.809017
 0.584565  0.061440  0.809017
 0.580549  0.091950  0.809017
 0.574941  0.122207  0.809017
 0.567757  0.152130  0.809017
 0.559017  0.181636  0.809017
 0.548745  0.210643  0.809017
 0.536969  0.239074  0.809017
 0.523721  0.266849  0.809017
 0.509037  0.293893  0.809017
 0.629320  0.000000  0.777146
 0.628458  0.032936  0.777146
 0.625873  0.065782  0.777146
 0.621572  0.098447  0.777146
 0.615568  0.130843  0.777146
 0.607877  0.162880  0.777146
 0.598519  0.194471  0.777146
 0.587521  0.225528  0.777146
 0.574913  0.255968  0.777146
 0.560729  0.285705  0.777146
 0.545007  0.314660  0.777146
 0.669131  0.000000  0.743145
 0.668214  0.035020  0.743145
 0.665465  0.069943  0.743145
 0.660893  0.104675  0.743145
 0.654509  0.139120  0.743145
 0.646331  0.173184  0.743145
 0.636381  0.206773  0.743145
 0.624687  0.239795  0.743145
 0.611281  0.272160  0.743145
 0.596200  0.303779  0.743145
 0.579484  0.334565  0.743145
 0.707107  0.000000  0.707107
 0.706138  0.037007  0.707107
 0.703233  0.073913  0.707107
 0.698401  0.110616  0.707107
 0.691655  0.147016  0.707107
 0.683013  0.183013  0.707107
 0.672499  0.218508  0.707107
 0.660141  0.253404  0.707107
 0.645974  0.287606  0.707107
 0.630037  0.321020  0.707107
 0.612372  0.353553  0.707107
 0.743145  0.000000  0.669131
 0.742126  0.038893  0.669131
 0.739074  0.077680  0.669131
 0.733996  0.116253  0.669131
 0.726905  0.154509  0.669131
 0.717823  0.192340  0.669131
 0.706773  0.229644  0.669131
 0.693785  0.266319  0.669131
 0.678897  0.302264  0.669131
 0.662147  0.337381  0.669131
 0.643582  0.371572  0.669131
 0.777146  0.000000  0.629320
 0.776081  0.040673  0.629320
 0.772889  0.081234  0.629320
 0.767578  0.121572  0.629320
 0.760163  0.161578  0.629320
 0.750665  0.201140  0.629320
 0.739110  0.240151  0.629320
 0.725528  0.278504  0.629320
 0.709958  0.316094  0.629320
 0.692442  0.352817  0.629320
 0.673028  0.388573  0.629320
 0.809017  0.000000  0.587785
 0.807908  0.042341  0.587785
 0.804585  0.084565  0.587785
 0.799057  0.126558  0.587785
 0.791338  0.168204  0.587785
 0.781450  0.209389  0.587785
 0.769421  0.250000  0.587785
 0.755282  0.289926  0.587785
 0.739074  0.329057  0.587785
 0.720839  0.367286  0.587785
 0.700629  0.404509  0.587785
 0.838671  0.000000  0.544639
 0.837521  0.043893  0.544639
 0.834076  0.087665  0.544639
 0.828345  0.131197  0.544639
 0.820344  0.174369  0.544639
 0.810094  0.217064  0.544639
 0.797623  0.259163  0.544639
 0.782966  0.300553  0.544639
 0.766164  0.341118  0.544639
 0.747261  0.380748  0.544639
 0.726310  0.419335  0.544639
 0.866025  0.000000  0.500000
 0.864839  0.045324  0.500000
 0.861281  0.090524  0.500000
 0.855363  0.135476  0.500000
 0.847101  0.180057  0.500000
 0.836516  0.224144  0.500000
 0.823639  0.267617  0.500000
 0.808504  0.310356  0.500000
 0.791154  0.352244  0.500000
 0.771634  0.393167  0.500000
 0.750000  0.433013  0.500000
 0.891007  0.000000  0.453991
 0.889785  0.046632  0.453991
 0.886126  0.093136  0.453991
 0.880037  0.139384  0.453991
 0.871536  0.185251  0.453991
 0.860646  0.230609  0.453991
 0.847398  0.275336  0.453991
 0.831826  0.319308  0.453991
 0.813975  0.362405  0.453991
 0.793893  0.404509  0.453991
 0.771634  0.445503  0.453991
 0.913545  0.000000  0.406737
 0.912293  0.047811  0.406737
 0.908541  0.095492  0.406737
 0.902298  0.142910  0.406737
 0.893582  0.189937  0.406737
 0.882417  0.236443  0.406737
 0.868833  0.282301  0.406737
 0.852868  0.327385  0.406737
 0.834565  0.371572  0.406737
 0.813975  0.414741  0.406737
 0.791154  0.456773  0.406737
 0.933580  0.000000  0.358368
 0.932301  0.048860  0.358368
 0.928466  0.097586  0.358368
 0.922086  0.146044  0.358368
 0.913179  0.194102  0.358368
 0.901769  0.241628  0.358368
 0.887888  0.288492  0.358368
 0.871572  0.334565  0.358368
 0.852868  0.379721  0.358368
 0.831826  0.423837  0.358368
 0.808504  0.466790  0.358368
 0.951057  0.000000  0.309017
 0.949753  0.049774  0.309017
 0.945847  0.099412  0.309017
 0.939348  0.148778  0.309017
 0.930274  0.197736  0.309017
 0.918650  0.246152  0.309017
 0.904509  0.293893  0.309017
 0.887888  0.340828  0.309017
 0.868833  0.386830  0.309017
 0.847398  0.431771  0.309017
 0.823639  0.475528  0.309017
 0.965926  0.000000  0.258819
 0.964602  0.050553  0.258819
 0.960634  0.100967  0.258819
 0.954034  0.151104  0.258819
 0.944818  0.200827  0.258819
 0.933013  0.250000  0.258819
 0.918650  0.298488  0.258819
 0.901769  0.346157  0.258819
 0.882417  0.392877  0.258819
 0.860646  0.438521  0.258819
 0.836516  0.482963  0.258819
 0.978148  0.000000  0.207912
 0.976807  0.051192  0.207912
 0.972789  0.102244  0.207912
 0.966105  0.153016  0.207912
 0.956773  0.203368  0.207912
 0.944818  0.253163  0.207912
 0.930274  0.302264  0.207912
 0.913179  0.350537  0.207912
 0.893582  0.397848  0.207912
 0.871536  0.444070  0.207912
 0.847101  0.489074  0.207912
 0.987688  0.000000  0.156434
 0.986335  0.051692  0.156434
 0.982278  0.103242  0.156434
 0.975528  0.154509  0.156434
 0.966105  0.205352  0.156434
 0.954034  0.255633  0.156434
 0.939348  0.305212  0.156434
 0.922086  0.353956  0.156434
 0.902298  0.401729  0.156434
 0.880037  0.448401  0.156434
 0.855363  0.493844  0.156434
 0.994522  0.000000  0.104528
 0.993159  0.052049  0.104528
 0.989074  0.103956  0.104528
 0.982278  0.155578  0.104528
 0.972789  0.206773  0.104528
 0.960634  0.257401  0.104528
 0.945847  0.307324  0.104528
 0.928466  0.356405  0.104528
 0.908541  0.404509  0.104528
 0.886126  0.451503  0.104528
 0.861281  0.497261  0.104528
 0.998630  0.000000  0.052336
 0.997261  0.052264  0.052336
 0.993159  0.104385  0.052336
 0.986335  0.156220  0.052336
 0.976807  0.207627  0.052336
 0.964602  0.258464  0.052336
 0.949753  0.308594  0.052336
 0.932301  0.357877  0.052336
 0.912293  0.406179  0.052336
 0.889785  0.453368  0.052336
 0.864838  0.499315  0.052336
 1.000000  0.000000 -0.000000
 0.998630  0.052336 -0.000000
 0.994522  0.104528 -0.000000
 0.987688  0.156434 -0.000000
 0.978148  0.207912 -0.000000
 0.965926  0.258819 -0.000000
 0.951057  0.309017 -0.000000
 0.933580  0.358368 -0.000000
 0.913545  0.406737 -0.000000
 0.891007  0.453990 -0.000000
 0.866025  0.500000 -0.000000
