 3096
 0.000000  0.000000  1.000000
 0.052336  0.000000  0.998630
-0.000000  0.052336  0.998630
-0.052336 -0.000000  0.998630
 0.000000 -0.052336  0.998630
 0.073913  0.073913  0.994522
-0.073913  0.073913  0.994522
-0.073913 -0.073913  0.994522
 0.073913 -0.073913  0.994522
 0.156434  0.000000  0.987688
 0.110616  0.110616  0.987688
-0.000000  0.156434  0.987688
-0.110616  0.110616  0.987688
-0.156434 -0.000000  0.987688
-0.110616 -0.110616  0.987688
 0.000000 -0.156434  0.987688
 0.110616 -0.110616  0.987688
 0.207912  0.000000  0.978148
 0.195373  0.071110  0.978148
 0.159270  0.133643  0.978148
 0.103956  0.180057  0.978148
 0.036103  0.204753  0.978148
-0.036103  0.204753  0.978148
-0.103956  0.180057  0.978148
-0.159270  0.133643  0.978148
-0.195373  0.071110  0.978148
-0.207912 -0.000000  0.978148
-0.195373 -0.071110  0.978148
-0.159270 -0.133643  0.978148
-0.103956 -0.180057  0.978148
-0.036103 -0.204753  0.978148
 0.036103 -0.204753  0.978148
 0.103956 -0.180057  0.978148
 0.159270 -0.133643  0.978148
 0.195373 -0.071110  0.978148
 0.258819  0.000000  0.965926
 0.254887  0.044943  0.965926
 0.243210  0.088521  0.965926
 0.224144  0.129410  0.965926
 0.198267  0.166366  0.965926
 0.166366  0.198267  0.965926
 0.129410  0.224144  0.965926
 0.088521  0.243210  0.965926
 0.044943  0.254887  0.965926
-0.000000  0.258819  0.965926
-0.044943  0.254887  0.965926
-0.088521  0.243210  0.965926
-0.129410  0.224144  0.965926
-0.166366  0.198267  0.965926
-0.198267  0.166366  0.965926
-0.224144  0.129410  0.965926
-0.243210  0.088521  0.965926
-0.254887  0.044943  0.965926
-0.258819 -0.000000  0.965926
-0.254887 -0.044943  0.965926
-0.243210 -0.088521  0.965926
-0.224144 -0.129410  0.965926
-0.198267 -0.166366  0.965926
-0.166366 -0.198267  0.965926
-0.129409 -0.224144  0.965926
-0.088521 -0.243210  0.965926
-0.044943 -0.254887  0.965926
 0.000000 -0.258819  0.965926
 0.044943 -0.254887  0.965926
 0.088521 -0.243210  0.965926
 0.129409 -0.224144  0.965926
 0.166366 -0.198267  0.965926
 0.198267 -0.166366  0.965926
 0.224144 -0.129410  0.965926
 0.243210 -0.088521  0.965926
 0.254887 -0.044944  0.965926
 0.309017  0.000000  0.951057
 0.308594  0.016173  0.951057
 0.307324  0.032301  0.951057
 0.305212  0.048341  0.951057
 0.302264  0.064248  0.951057
 0.298488  0.079979  0.951057
 0.293893  0.095492  0.951057
 0.288492  0.110742  0.951057
 0.282301  0.125689  0.951057
 0.275336  0.140291  0.951057
 0.267617  0.154509  0.951057
 0.259163  0.168303  0.951057
 0.250000  0.181636  0.951057
 0.240151  0.194471  0.951057
 0.229644  0.206773  0.951057
 0.218508  0.218508  0.951057
 0.206773  0.229644  0.951057
 0.194471  0.240151  0.951057
 0.181636  0.250000  0.951057
 0.168303  0.259163  0.951057
 0.154508  0.267617  0.951057
 0.140291  0.275336  0.951057
 0.125689  0.282301  0.951057
 0.110742  0.288492  0.951057
 0.095491  0.293893  0.951057
 0.079979  0.298488  0.951057
 0.064248  0.302264  0.951057
 0.048341  0.305212  0.951057
 0.032301  0.307324  0.951057
 0.016173  0.308594  0.951057
-0.000000  0.309017  0.951057
-0.016173  0.308594  0.951057
-0.032301  0.307324  0.951057
-0.048341  0.305212  0.951057
-0.064248  0.302264  0.951057
-0.079979  0.298488  0.951057
-0.095491  0.293893  0.951057
-0.110742  0.288492  0.951057
-0.125689  0.282301  0.951057
-0.140291  0.275336  0.951057
-0.154509  0.267617  0.951057
-0.168303  0.259163  0.951057
-0.181636  0.250000  0.951057
-0.194471  0.240151  0.951057
-0.206773  0.229644  0.951057
-0.218508  0.218508  0.951057
-0.229644  0.206773  0.951057
-0.240151  0.194471  0.951057
-0.250000  0.181636  0.951057
-0.259163  0.168303  0.951057
-0.267617  0.154509  0.951057
-0.275336  0.140291  0.951057
-0.282301  0.125689  0.951057
-0.288492  0.110742  0.951057
-0.293893  0.095492  0.951057
-0.298488  0.079980  0.951057
-0.302264  0.064248  0.951057
-0.305212  0.048341  0.951057
-0.307324  0.032301  0.951057
-0.308594  0.016173  0.951057
-0.309017 -0.000000  0.951057
-0.308594 -0.016173  0.951057
-0.307324 -0.032301  0.951057
-0.305212 -0.048341  0.951057
-0.302264 -0.064248  0.951057
-0.298488 -0.079979  0.951057
-0.293893 -0.095491  0.951057
-0.288492 -0.110742  0.951057
-0.282301 -0.125689  0.951057
-0.275336 -0.140291  0.951057
-0.267617 -0.154508  0.951057
-0.259163 -0.168303  0.951057
-0.250000 -0.181636  0.951057
-0.240151 -0.194471  0.951057
-0.229644 -0.206773  0.951057
-0.218508 -0.218508  0.951057
-0.206773 -0.229644  0.951057
-0.194471 -0.240151  0.951057
-0.181636 -0.250000  0.951057
-0.168303 -0.259163  0.951057
-0.154508 -0.267617  0.951057
-0.140291 -0.275336  0.951057
-0.125689 -0.282301  0.951057
-0.110742 -0.288492  0.951057
-0.095492 -0.293893  0.951057
-0.079979 -0.298488  0.951057
-0.064248 -0.302264  0.951057
-0.048341 -0.305212  0.951057
-0.032301 -0.307324  0.951057
-0.016173 -0.308594  0.951057
 0.000000 -0.309017  0.951057
 0.016173 -0.308594  0.951057
 0.032301 -0.307324  0.951057
 0.048341 -0.305212  0.951057
 0.064248 -0.302264  0.951057
 0.079979 -0.298488  0.951057
 0.095492 -0.293893  0.951057
 0.110742 -0.288492  0.951057
 0.125689 -0.282301  0.951057
 0.140291 -0.275336  0.951057
 0.154508 -0.267617  0.951057
 0.168303 -0.259163  0.951057
 0.181636 -0.250000  0.951057
 0.194471 -0.240151  0.951057
 0.206773 -0.229644  0.951057
 0.218508 -0.218508  0.951057
 0.229644 -0.206773  0.951057
 0.240151 -0.194471  0.951057
 0.250000 -0.181636  0.951057
 0.259163 -0.168303  0.951057
 0.267617 -0.154509  0.951057
 0.275336 -0.140291  0.951057
 0.282301 -0.125688  0.951057
 0.288492 -0.110742  0.951057
 0.293893 -0.095491  0.951057
 0.298487 -0.079980  0.951057
 0.302264 -0.064248  0.951057
 0.305212 -0.048341  0.951057
 0.307324 -0.032301  0.951057
 0.308594 -0.016173  0.951057
 0.309017  0.000000  0.951057
 0.358368  0.000000  0.933580
 0.357877  0.018756  0.933580
 0.356405  0.037460  0.933580
 0.353956  0.056061  0.933580
 0.350537  0.074509  0.933580
 0.346157  0.092752  0.933580
 0.340828  0.110742  0.933580
 0.334565  0.128428  0.933580
 0.327385  0.145761  0.933580
 0.319308  0.162696  0.933580
 0.310356  0.179184  0.933580
 0.300553  0.195181  0.933580
 0.289926  0.210643  0.933580
 0.278504  0.225528  0.933580
 0.266319  0.239795  0.933580
 0.253404  0.253404  0.933580
 0.239795  0.266319  0.933580
 0.225528  0.278504  0.933580
 0.210643  0.289926  0.933580
 0.195181  0.300553  0.933580
 0.179184  0.310356  0.933580
 0.162696  0.319308  0.933580
 0.145761  0.327385  0.933580
 0.128428  0.334565  0.933580
 0.110742  0.340828  0.933580
 0.092752  0.346157  0.933580
 0.074509  0.350537  0.933580
 0.056061  0.353956  0.933580
 0.037460  0.356405  0.933580
 0.018756  0.357877  0.933580
-0.000000  0.358368  0.933580
-0.018756  0.357877  0.933580
-0.037460  0.356405  0.933580
-0.056061  0.353956  0.933580
-0.074509  0.350537  0.933580
-0.092752  0.346157  0.933580
-0.110742  0.340828  0.933580
-0.128428  0.334565  0.933580
-0.145761  0.327385  0.933580
-0.162696  0.319308  0.933580
-0.179184  0.310356  0.933580
-0.195181  0.300553  0.933580
-0.210643  0.289926  0.933580
-0.225528  0.278504  0.933580
-0.239795  0.266319  0.933580
-0.253404  0.253404  0.933580
-0.266319  0.239795  0.933580
-0.278504  0.225528  0.933580
-0.289926  0.210643  0.933580
-0.300553  0.195181  0.933580
-0.310356  0.179184  0.933580
-0.319308  0.162696  0.933580
-0.327385  0.145761  0.933580
-0.334565  0.128428  0.933580
-0.340828  0.110742  0.933580
-0.346157  0.092752  0.933580
-0.350537  0.074509  0.933580
-0.353956  0.056061  0.933580
-0.356405  0.037460  0.933580
-0.357877  0.018756  0.933580
-0.358368 -0.000000  0.933580
-0.357877 -0.018756  0.933580
-0.356405 -0.037460  0.933580
-0.353956 -0.056061  0.933580
-0.350537 -0.074509  0.933580
-0.346157 -0.092752  0.933580
-0.340828 -0.110742  0.933580
-0.334565 -0.128428  0.933580
-0.327385 -0.145761  0.933580
-0.319308 -0.162696  0.933580
-0.310356 -0.179184  0.933580
-0.300553 -0.195181  0.933580
-0.289926 -0.210643  0.933580
-0.278504 -0.225528  0.933580
-0.266319 -0.239795  0.933580
-0.253404 -0.253404  0.933580
-0.239795 -0.266319  0.933580
-0.225528 -0.278504  0.933580
-0.210643 -0.289926  0.933580
-0.195181 -0.300553  0.933580
-0.179184 -0.310356  0.933580
-0.162696 -0.319308  0.933580
-0.145761 -0.327385  0.933580
-0.128428 -0.334565  0.933580
-0.110742 -0.340828  0.933580
-0.092752 -0.346157  0.933580
-0.074509 -0.350537  0.933580
-0.056061 -0.353956  0.933580
-0.037460 -0.356405  0.933580
-0.018756 -0.357877  0.933580
 0.000000 -0.358368  0.933580
 0.018756 -0.357877  0.933580
 0.037460 -0.356405  0.933580
 0.056061 -0.353956  0.933580
 0.074509 -0.350537  0.933580
 0.092752 -0.346157  0.933580
 0.110742 -0.340828  0.933580
 0.128428 -0.334565  0.933580
 0.145761 -0.327385  0.933580
 0.162696 -0.319308  0.933580
 0.179184 -0.310356  0.933580
 0.195181 -0.300553  0.933580
 0.210643 -0.289926  0.933580
 0.225528 -0.278504  0.933580
 0.239795 -0.266319  0.933580
 0.253404 -0.253404  0.933580
 0.266319 -0.239795  0.933580
 0.278504 -0.225528  0.933580
 0.289926 -0.210643  0.933580
 0.300553 -0.195181  0.933580
 0.310356 -0.179184  0.933580
 0.319308 -0.162696  0.933580
 0.327385 -0.145761  0.933580
 0.334565 -0.128428  0.933580
 0.340828 -0.110742  0.933580
 0.346157 -0.092753  0.933580
 0.350537 -0.074509  0.933580
 0.353956 -0.056061  0.933580
 0.356405 -0.037460  0.933580
 0.357877 -0.018756  0.933580
 0.358368  0.000000  0.933580
 0.406737  0.000000  0.913545
 0.406179  0.021287  0.913545
 0.404509  0.042516  0.913545
 0.401729  0.063628  0.913545
 0.397848  0.084565  0.913545
 0.392877  0.105271  0.913545
 0.386830  0.125689  0.913545
 0.379721  0.145761  0.913545
 0.371572  0.165435  0.913545
 0.362405  0.184655  0.913545
 0.352244  0.203368  0.913545
 0.341118  0.221525  0.913545
 0.329057  0.239074  0.913545
 0.316094  0.255968  0.913545
 0.302264  0.272160  0.913545
 0.287606  0.287606  0.913545
 0.272160  0.302264  0.913545
 0.255968  0.316094  0.913545
 0.239074  0.329057  0.913545
 0.221525  0.341118  0.913545
 0.203368  0.352244  0.913545
 0.184655  0.362405  0.913545
 0.165435  0.371572  0.913545
 0.145761  0.379721  0.913545
 0.125689  0.386830  0.913545
 0.105271  0.392877  0.913545
 0.084565  0.397848  0.913545
 0.063628  0.401729  0.913545
 0.042516  0.404509  0.913545
 0.021287  0.406179  0.913545
-0.000000  0.406737  0.913545
-0.021287  0.406179  0.913545
-0.042516  0.404509  0.913545
-0.063628  0.401729  0.913545
-0.084565  0.397848  0.913545
-0.105271  0.392877  0.913545
-0.125689  0.386830  0.913545
-0.145761  0.379721  0.913545
-0.165435  0.371572  0.913545
-0.184655  0.362405  0.913545
-0.203368  0.352244  0.913545
-0.221525  0.341118  0.913545
-0.239074  0.329057  0.913545
-0.255968  0.316094  0.913545
-0.272160  0.302264  0.913545
-0.287606  0.287606  0.913545
-0.302264  0.272160  0.913545
-0.316094  0.255968  0.913545
-0.329057  0.239074  0.913545
-0.341118  0.221525  0.913545
-0.352244  0.203368  0.913545
-0.362405  0.184655  0.913545
-0.371572  0.165435  0.913545
-0.379721  0.145761  0.913545
-0.386830  0.125689  0.913545
-0.392877  0.105271  0.913545
-0.397848  0.084565  0.913545
-0.401729  0.063628  0.913545
-0.404509  0.042516  0.913545
-0.406179  0.021287  0.913545
-0.406737 -0.000000  0.913545
-0.406179 -0.021287  0.913545
-0.404509 -0.042516  0.913545
-0.401729 -0.063628  0.913545
-0.397848 -0.084565  0.913545
-0.392877 -0.105271  0.913545
-0.386830 -0.125689  0.913545
-0.379721 -0.145761  0.913545
-0.371572 -0.165435  0.913545
-0.362405 -0.184655  0.913545
-0.352244 -0.203368  0.913545
-0.341118 -0.221525  0.913545
-0.329057 -0.239074  0.913545
-0.316094 -0.255968  0.913545
-0.302264 -0.272160  0.913545
-0.287606 -0.287606  0.913545
-0.272160 -0.302264  0.913545
-0.255968 -0.316094  0.913545
-0.239074 -0.329057  0.913545
-0.221525 -0.341118  0.913545
-0.203368 -0.352244  0.913545
-0.184655 -0.362405  0.913545
-0.165435 -0.371572  0.913545
-0.145761 -0.379721  0.913545
-0.125689 -0.386830  0.913545
-0.105271 -0.392877  0.913545
-0.084565 -0.397848  0.913545
-0.063628 -0.401729  0.913545
-0.042516 -0.404509  0.913545
-0.021287 -0.406179  0.913545
 0.000000 -0.406737  0.913545
 0.021287 -0.406179  0.913545
 0.042516 -0.404509  0.913545
 0.063628 -0.401729  0.913545
 0.084565 -0.397848  0.913545
 0.105271 -0.392877  0.913545
 0.125689 -0.386830  0.913545
 0.145761 -0.379721  0.913545
 0.165435 -0.371572  0.913545
 0.184654 -0.362405  0.913545
 0.203368 -0.352244  0.913545
 0.221525 -0.341118  0.913545
 0.239074 -0.329057  0.913545
 0.255968 -0.316094  0.913545
 0.272160 -0.302264  0.913545
 0.287606 -0.287606  0.913545
 0.302264 -0.272160  0.913545
 0.316094 -0.255968  0.913545
 0.329057 -0.239074  0.913545
 0.341118 -0.221525  0.913545
 0.352244 -0.203368  0.913545
 0.362405 -0.184655  0.913545
 0.371572 -0.165435  0.913545
 0.379721 -0.145761  0.913545
 0.386830 -0.125689  0.913545
 0.392877 -0.105271  0.913545
 0.397848 -0.084565  0.913545
 0.401729 -0.063628  0.913545
 0.404508 -0.042516  0.913545
 0.406179 -0.021287  0.913545
 0.406737  0.000000  0.913545
 0.453990  0.000000  0.891007
 0.453368  0.023760  0.891007
 0.451503  0.047455  0.891007
 0.448401  0.071020  0.891007
 0.444070  0.094390  0.891007
 0.438521  0.117501  0.891007
 0.431771  0.140291  0.891007
 0.423837  0.162696  0.891007
 0.414741  0.184655  0.891007
 0.404509  0.206107  0.891007
 0.393167  0.226995  0.891007
 0.380748  0.247261  0.891007
 0.367286  0.266849  0.891007
 0.352817  0.285705  0.891007
 0.337381  0.303779  0.891007
 0.321020  0.321020  0.891007
 0.303779  0.337381  0.891007
 0.285706  0.352817  0.891007
 0.266849  0.367286  0.891007
 0.247261  0.380748  0.891007
 0.226995  0.393167  0.891007
 0.206107  0.404509  0.891007
 0.184655  0.414741  0.891007
 0.162696  0.423837  0.891007
 0.140291  0.431771  0.891007
 0.117501  0.438521  0.891007
 0.094390  0.444070  0.891007
 0.071020  0.448401  0.891007
 0.047455  0.451503  0.891007
 0.023760  0.453368  0.891007
-0.000000  0.453990  0.891007
-0.023760  0.453368  0.891007
-0.047455  0.451503  0.891007
-0.071020  0.448401  0.891007
-0.094390  0.444070  0.891007
-0.117501  0.438521  0.891007
-0.140291  0.431771  0.891007
-0.162696  0.423837  0.891007
-0.184655  0.414741  0.891007
-0.206107  0.404509  0.891007
-0.226995  0.393167  0.891007
-0.247261  0.380748  0.891007
-0.266849  0.367286  0.891007
-0.285705  0.352817  0.891007
-0.303779  0.337381  0.891007
-0.321020  0.321020  0.891007
-0.337381  0.303779  0.891007
-0.352817  0.285706  0.891007
-0.367286  0.266849  0.891007
-0.380748  0.247261  0.891007
-0.393167  0.226995  0.891007
-0.404508  0.206107  0.891007
-0.414741  0.184655  0.891007
-0.423837  0.162696  0.891007
-0.431771  0.140291  0.891007
-0.438521  0.117501  0.891007
-0.444070  0.094390  0.891007
-0.448401  0.071020  0.891007
-0.451503  0.047455  0.891007
-0.453368  0.023760  0.891007
-0.453990 -0.000000  0.891007
-0.453368 -0.023760  0.891007
-0.451503 -0.047455  0.891007
-0.448401 -0.071020  0.891007
-0.444070 -0.094390  0.891007
-0.438521 -0.117501  0.891007
-0.431771 -0.140291  0.891007
-0.423837 -0.162696  0.891007
-0.414741 -0.184655  0.891007
-0.404509 -0.206107  0.891007
-0.393167 -0.226995  0.891007
-0.380748 -0.247261  0.891007
-0.367286 -0.266849  0.891007
-0.352817 -0.285706  0.891007
-0.337381 -0.303779  0.891007
-0.321020 -0.321020  0.891007
-0.303779 -0.337381  0.891007
-0.285705 -0.352817  0.891007
-0.266849 -0.367286  0.891007
-0.247261 -0.380748  0.891007
-0.226995 -0.393167  0.891007
-0.206107 -0.404508  0.891007
-0.184655 -0.414741  0.891007
-0.162696 -0.423837  0.891007
-0.140291 -0.431771  0.891007
-0.117501 -0.438521  0.891007
-0.094390 -0.444070  0.891007
-0.071020 -0.448401  0.891007
-0.047455 -0.451503  0.891007
-0.023760 -0.453368  0.891007
 0.000000 -0.453990  0.891007
 0.023760 -0.453368  0.891007
 0.047455 -0.451503  0.891007
 0.071020 -0.448401  0.891007
 0.094390 -0.444070  0.891007
 0.117501 -0.438521  0.891007
 0.140291 -0.431771  0.891007
 0.162696 -0.423837  0.891007
 0.184655 -0.414741  0.891007
 0.206107 -0.404509  0.891007
 0.226995 -0.393167  0.891007
 0.247261 -0.380748  0.891007
 0.266849 -0.367286  0.891007
 0.285705 -0.352817  0.891007
 0.303779 -0.337381  0.891007
 0.321020 -0.321020  0.891007
 0.337381 -0.303779  0.891007
 0.352817 -0.285706  0.891007
 0.367286 -0.266849  0.891007
 0.380748 -0.247261  0.891007
 0.393167 -0.226995  0.891007
 0.404509 -0.206107  0.891007
 0.414741 -0.184655  0.891007
 0.423837 -0.162696  0.891007
 0.431771 -0.140291  0.891007
 0.438521 -0.117501  0.891007
 0.444070 -0.094390  0.891007
 0.448401 -0.071020  0.891007
 0.451503 -0.047455  0.891007
 0.453368 -0.023760  0.891007
 0.453990  0.000000  0.891007
 0.500000  0.000000  0.866025
 0.499315  0.026168  0.866025
 0.497261  0.052264  0.866025
 0.493844  0.078217  0.866025
 0.489074  0.103956  0.866025
 0.482963  0.129410  0.866025
 0.475528  0.154509  0.866025
 0.466790  0.179184  0.866025
 0.456773  0.203368  0.866025
 0.445503  0.226995  0.866025
 0.433013  0.250000  0.866025
 0.419335  0.272320  0.866025
 0.404509  0.293893  0.866025
 0.388573  0.314660  0.866025
 0.371572  0.334565  0.866025
 0.353553  0.353553  0.866025
 0.334565  0.371572  0.866025
 0.314660  0.388573  0.866025
 0.293893  0.404509  0.866025
 0.272320  0.419335  0.866025
 0.250000  0.433013  0.866025
 0.226995  0.445503  0.866025
 0.203368  0.456773  0.866025
 0.179184  0.466790  0.866025
 0.154508  0.475528  0.866025
 0.129410  0.482963  0.866025
 0.103956  0.489074  0.866025
 0.078217  0.493844  0.866025
 0.052264  0.497261  0.866025
 0.026168  0.499315  0.866025
-0.000000  0.500000  0.866025
-0.026168  0.499315  0.866025
-0.052264  0.497261  0.866025
-0.078217  0.493844  0.866025
-0.103956  0.489074  0.866025
-0.129410  0.482963  0.866025
-0.154508  0.475528  0.866025
-0.179184  0.466790  0.866025
-0.203368  0.456773  0.866025
-0.226995  0.445503  0.866025
-0.250000  0.433013  0.866025
-0.272320  0.419335  0.866025
-0.293893  0.404509  0.866025
-0.314660  0.388573  0.866025
-0.334565  0.371572  0.866025
-0.353553  0.353553  0.866025
-0.371572  0.334565  0.866025
-0.388573  0.314660  0.866025
-0.404509  0.293893  0.866025
-0.419335  0.272320  0.866025
-0.433013  0.250000  0.866025
-0.445503  0.226995  0.866025
-0.456773  0.203368  0.866025
-0.466790  0.179184  0.866025
-0.475528  0.154509  0.866025
-0.482963  0.129410  0.866025
-0.489074  0.103956  0.866025
-0.493844  0.078217  0.866025
-0.497261  0.052264  0.866025
-0.499315  0.026168  0.866025
-0.500000 -0.000000  0.866025
-0.499315 -0.026168  0.866025
-0.497261 -0.052264  0.866025
-0.493844 -0.078217  0.866025
-0.489074 -0.103956  0.866025
-0.482963 -0.129410  0.866025
-0.475528 -0.154508  0.866025
-0.466790 -0.179184  0.866025
-0.456773 -0.203368  0.866025
-0.445503 -0.226995  0.866025
-0.433013 -0.250000  0.866025
-0.419335 -0.272319  0.866025
-0.404509 -0.293893  0.866025
-0.388573 -0.314660  0.866025
-0.371572 -0.334565  0.866025
-0.353553 -0.353553  0.866025
-0.334565 -0.371572  0.866025
-0.314660 -0.388573  0.866025
-0.293893 -0.404508  0.866025
-0.272320 -0.419335  0.866025
-0.250000 -0.433013  0.866025
-0.226995 -0.445503  0.866025
-0.203368 -0.456773  0.866025
-0.179184 -0.466790  0.866025
-0.154509 -0.475528  0.866025
-0.129409 -0.482963  0.866025
-0.103956 -0.489074  0.866025
-0.078217 -0.493844  0.866025
-0.052264 -0.497261  0.866025
-0.026168 -0.499315  0.866025
 0.000000 -0.500000  0.866025
 0.026168 -0.499315  0.866025
 0.052264 -0.497261  0.866025
 0.078217 -0.493844  0.866025
 0.103956 -0.489074  0.866025
 0.129410 -0.482963  0.866025
 0.154509 -0.475528  0.866025
 0.179184 -0.466790  0.866025
 0.203368 -0.456773  0.866025
 0.226995 -0.445503  0.866025
 0.250000 -0.433013  0.866025
 0.272320 -0.419335  0.866025
 0.293893 -0.404509  0.866025
 0.314660 -0.388573  0.866025
 0.334565 -0.371572  0.866025
 0.353553 -0.353553  0.866025
 0.371572 -0.334565  0.866025
 0.388573 -0.314660  0.866025
 0.404508 -0.293893  0.866025
 0.419335 -0.272319  0.866025
 0.433013 -0.250000  0.866025
 0.445503 -0.226995  0.866025
 0.456773 -0.203368  0.866025
 0.466790 -0.179184  0.866025
 0.475528 -0.154508  0.866025
 0.482963 -0.129410  0.866025
 0.489074 -0.103956  0.866025
 0.493844 -0.078217  0.866025
 0.497261 -0.052264  0.866025
 0.499315 -0.026168  0.866025
 0.500000  0.000000  0.866025
 0.544639  0.000000  0.838671
 0.543893  0.028504  0.838671
 0.541655  0.056930  0.838671
 0.537934  0.085200  0.838671
 0.532737  0.113237  0.838671
 0.526081  0.140963  0.838671
 0.517983  0.168303  0.838671
 0.508464  0.195181  0.838671
 0.497553  0.221525  0.838671
 0.485277  0.247261  0.838671
 0.471671  0.272320  0.838671
 0.456773  0.296632  0.838671
 0.440622  0.320131  0.838671
 0.423264  0.342752  0.838671
 0.404746  0.364435  0.838671
 0.385118  0.385118  0.838671
 0.364435  0.404746  0.838671
 0.342752  0.423264  0.838671
 0.320131  0.440622  0.838671
 0.296632  0.456773  0.838671
 0.272319  0.471671  0.838671
 0.247261  0.485277  0.838671
 0.221525  0.497553  0.838671
 0.195181  0.508464  0.838671
 0.168303  0.517983  0.838671
 0.140963  0.526081  0.838671
 0.113237  0.532737  0.838671
 0.085200  0.537934  0.838671
 0.056930  0.541655  0.838671
 0.028504  0.543893  0.838671
-0.000000  0.544639  0.838671
-0.028504  0.543893  0.838671
-0.056930  0.541655  0.838671
-0.085200  0.537934  0.838671
-0.113237  0.532737  0.838671
-0.140963  0.526081  0.838671
-0.168303  0.517983  0.838671
-0.195181  0.508464  0.838671
-0.221525  0.497553  0.838671
-0.247261  0.485277  0.838671
-0.272320  0.471671  0.838671
-0.296632  0.456773  0.838671
-0.320131  0.440622  0.838671
-0.342752  0.423264  0.838671
-0.364435  0.404746  0.838671
-0.385118  0.385118  0.838671
-0.404746  0.364435  0.838671
-0.423264  0.342753  0.838671
-0.440622  0.320131  0.838671
-0.456773  0.296632  0.838671
-0.471671  0.272320  0.838671
-0.485277  0.247261  0.838671
-0.497553  0.221525  0.838671
-0.508464  0.195181  0.838671
-0.517982  0.168303  0.838671
-0.526081  0.140963  0.838671
-0.532737  0.113237  0.838671
-0.537934  0.085200  0.838671
-0.541655  0.056930  0.838671
-0.543893  0.028504  0.838671
-0.544639 -0.000000  0.838671
-0.543893 -0.028504  0.838671
-0.541655 -0.056930  0.838671
-0.537934 -0.085200  0.838671
-0.532737 -0.113237  0.838671
-0.526081 -0.140963  0.838671
-0.517983 -0.168303  0.838671
-0.508464 -0.195181  0.838671
-0.497553 -0.221525  0.838671
-0.485277 -0.247261  0.838671
-0.471671 -0.272319  0.838671
-0.456773 -0.296632  0.838671
-0.440622 -0.320131  0.838671
-0.423264 -0.342752  0.838671
-0.404746 -0.364435  0.838671
-0.385118 -0.385118  0.838671
-0.364435 -0.404746  0.838671
-0.342752 -0.423264  0.838671
-0.320131 -0.440622  0.838671
-0.296632 -0.456773  0.838671
-0.272319 -0.471671  0.838671
-0.247261 -0.485277  0.838671
-0.221525 -0.497553  0.838671
-0.195181 -0.508464  0.838671
-0.168303 -0.517982  0.838671
-0.140963 -0.526081  0.838671
-0.113237 -0.532737  0.838671
-0.085200 -0.537934  0.838671
-0.056930 -0.541655  0.838671
-0.028504 -0.543893  0.838671
 0.000000 -0.544639  0.838671
 0.028504 -0.543893  0.838671
 0.056930 -0.541655  0.838671
 0.085200 -0.537934  0.838671
 0.113237 -0.532737  0.838671
 0.140963 -0.526081  0.838671
 0.168303 -0.517982  0.838671
 0.195181 -0.508464  0.838671
 0.221525 -0.497553  0.838671
 0.247261 -0.485277  0.838671
 0.272319 -0.471671  0.838671
 0.296632 -0.456773  0.838671
 0.320131 -0.440622  0.838671
 0.342752 -0.423264  0.838671
 0.364435 -0.404746  0.838671
 0.385118 -0.385118  0.838671
 0.404746 -0.364435  0.838671
 0.423264 -0.342753  0.838671
 0.440622 -0.320131  0.838671
 0.456773 -0.296632  0.838671
 0.471671 -0.272320  0.838671
 0.485277 -0.247261  0.838671
 0.497553 -0.221525  0.838671
 0.508464 -0.195181  0.838671
 0.517983 -0.168303  0.838671
 0.526081 -0.140963  0.838671
 0.532737 -0.113237  0.838671
 0.537934 -0.085200  0.838671
 0.541655 -0.056930  0.838671
 0.543893 -0.028504  0.838671
 0.544639  0.000000  0.838671
 0.587785  0.000000  0.809017
 0.586980  0.030762  0.809017
 0.584565  0.061440  0.809017
 0.580549  0.091950  0.809017
 0.574941  0.122207  0.809017
 0.567757  0.152130  0.809017
 0.559017  0.181636  0.809017
 0.548745  0.210643  0.809017
 0.536969  0.239074  0.809017
 0.523721  0.266849  0.809017
 0.509037  0.293893  0.809017
 0.492958  0.320131  0.809017
 0.475528  0.345491  0.809017
 0.456795  0.369905  0.809017
 0.436810  0.393305  0.809017
 0.415627  0.415627  0.809017
 0.393305  0.436810  0.809017
 0.369905  0.456795  0.809017
 0.345492  0.475528  0.809017
 0.320131  0.492958  0.809017
 0.293893  0.509037  0.809017
 0.266849  0.523721  0.809017
 0.239074  0.536969  0.809017
 0.210643  0.548745  0.809017
 0.181636  0.559017  0.809017
 0.152130  0.567757  0.809017
 0.122207  0.574941  0.809017
 0.091950  0.580549  0.809017
 0.061440  0.584565  0.809017
 0.030762  0.586980  0.809017
-0.000000  0.587785  0.809017
-0.030762  0.586980  0.809017
-0.061440  0.584565  0.809017
-0.091950  0.580549  0.809017
-0.122207  0.574941  0.809017
-0.152130  0.567757  0.809017
-0.181636  0.559017  0.809017
-0.210643  0.548745  0.809017
-0.239074  0.536969  0.809017
-0.266849  0.523721  0.809017
-0.293893  0.509037  0.809017
-0.320131  0.492958  0.809017
-0.345491  0.475528  0.809017
-0.369905  0.456795  0.809017
-0.393305  0.436810  0.809017
-0.415627  0.415627  0.809017
-0.436810  0.393305  0.809017
-0.456795  0.369905  0.809017
-0.475528  0.345491  0.809017
-0.492958  0.320131  0.809017
-0.509037  0.293893  0.809017
-0.523720  0.266849  0.809017
-0.536969  0.239074  0.809017
-0.548745  0.210643  0.809017
-0.559017  0.181636  0.809017
-0.567757  0.152130  0.809017
-0.574941  0.122207  0.809017
-0.580549  0.091950  0.809017
-0.584565  0.061440  0.809017
-0.586980  0.030762  0.809017
-0.587785 -0.000000  0.809017
-0.586980 -0.030762  0.809017
-0.584565 -0.061440  0.809017
-0.580549 -0.091950  0.809017
-0.574941 -0.122207  0.809017
-0.567757 -0.152130  0.809017
-0.559017 -0.181636  0.809017
-0.548745 -0.210643  0.809017
-0.536969 -0.239074  0.809017
-0.523721 -0.266849  0.809017
-0.509037 -0.293893  0.809017
-0.492958 -0.320131  0.809017
-0.475528 -0.345491  0.809017
-0.456795 -0.369905  0.809017
-0.436810 -0.393305  0.809017
-0.415627 -0.415627  0.809017
-0.393305 -0.436810  0.809017
-0.369905 -0.456795  0.809017
-0.345492 -0.475528  0.809017
-0.320131 -0.492958  0.809017
-0.293893 -0.509037  0.809017
-0.266849 -0.523720  0.809017
-0.239074 -0.536969  0.809017
-0.210643 -0.548745  0.809017
-0.181636 -0.559017  0.809017
-0.152130 -0.567757  0.809017
-0.122208 -0.574941  0.809017
-0.091950 -0.580549  0.809017
-0.061440 -0.584565  0.809017
-0.030762 -0.586980  0.809017
 0.000000 -0.587785  0.809017
 0.030762 -0.586980  0.809017
 0.061440 -0.584565  0.809017
 0.091950 -0.580549  0.809017
 0.122207 -0.574941  0.809017
 0.152130 -0.567757  0.809017
 0.181636 -0.559017  0.809017
 0.210643 -0.548745  0.809017
 0.239074 -0.536969  0.809017
 0.266849 -0.523721  0.809017
 0.293893 -0.509037  0.809017
 0.320131 -0.492958  0.809017
 0.345491 -0.475528  0.809017
 0.369905 -0.456795  0.809017
 0.393305 -0.436810  0.809017
 0.415627 -0.415627  0.809017
 0.436810 -0.393305  0.809017
 0.456795 -0.369905  0.809017
 0.475528 -0.345492  0.809017
 0.492958 -0.320131  0.809017
 0.509037 -0.293893  0.809017
 0.523721 -0.266849  0.809017
 0.536969 -0.239074  0.809017
 0.548745 -0.210643  0.809017
 0.559017 -0.181636  0.809017
 0.567757 -0.152130  0.809017
 0.574941 -0.122207  0.809017
 0.580549 -0.091950  0.809017
 0.584565 -0.061440  0.809017
 0.586980 -0.030762  0.809017
 0.587785  0.000000  0.809017
 0.629320  0.000000  0.777146
 0.628458  0.032936  0.777146
 0.625873  0.065782  0.777146
 0.621572  0.098447  0.777146
 0.615568  0.130843  0.777146
 0.607877  0.162880  0.777146
 0.598519  0.194471  0.777146
 0.587521  0.225528  0.777146
 0.574913  0.255968  0.777146
 0.560729  0.285705  0.777146
 0.545007  0.314660  0.777146
 0.527792  0.342752  0.777146
 0.509131  0.369905  0.777146
 0.489074  0.396044  0.777146
 0.467676  0.421098  0.777146
 0.444997  0.444997  0.777146
 0.421098  0.467676  0.777146
 0.396044  0.489074  0.777146
 0.369905  0.509131  0.777146
 0.342752  0.527792  0.777146
 0.314660  0.545007  0.777146
 0.285705  0.560729  0.777146
 0.255968  0.574913  0.777146
 0.225528  0.587521  0.777146
 0.194471  0.598519  0.777146
 0.162880  0.607877  0.777146
 0.130843  0.615568  0.777146
 0.098447  0.621572  0.777146
 0.065782  0.625873  0.777146
 0.032936  0.628458  0.777146
-0.000000  0.629320  0.777146
-0.032936  0.628458  0.777146
-0.065782  0.625873  0.777146
-0.098447  0.621572  0.777146
-0.130843  0.615568  0.777146
-0.162880  0.607877  0.777146
-0.194471  0.598519  0.777146
-0.225528  0.587521  0.777146
-0.255968  0.574913  0.777146
-0.285705  0.560729  0.777146
-0.314660  0.545007  0.777146
-0.342752  0.527792  0.777146
-0.369905  0.509131  0.777146
-0.396044  0.489074  0.777146
-0.421098  0.467676  0.777146
-0.444997  0.444997  0.777146
-0.467676  0.421098  0.777146
-0.489074  0.396044  0.777146
-0.509131  0.369905  0.777146
-0.527792  0.342752  0.777146
-0.545007  0.314660  0.777146
-0.560729  0.285706  0.777146
-0.574913  0.255968  0.777146
-0.587521  0.225528  0.777146
-0.598519  0.194471  0.777146
-0.607877  0.162880  0.777146
-0.615568  0.130843  0.777146
-0.621572  0.098447  0.777146
-0.625873  0.065782  0.777146
-0.628458  0.032936  0.777146
-0.629320 -0.000000  0.777146
-0.628458 -0.032936  0.777146
-0.625873 -0.065782  0.777146
-0.621572 -0.098447  0.777146
-0.615568 -0.130843  0.777146
-0.607877 -0.162880  0.777146
-0.598519 -0.194471  0.777146
-0.587521 -0.225528  0.777146
-0.574913 -0.255968  0.777146
-0.560729 -0.285706  0.777146
-0.545007 -0.314660  0.777146
-0.527793 -0.342752  0.777146
-0.509131 -0.369905  0.777146
-0.489074 -0.396044  0.777146
-0.467676 -0.421098  0.777146
-0.444997 -0.444997  0.777146
-0.421098 -0.467676  0.777146
-0.396044 -0.489074  0.777146
-0.369905 -0.509131  0.777146
-0.342752 -0.527792  0.777146
-0.314660 -0.545007  0.777146
-0.285706 -0.560729  0.777146
-0.255968 -0.574913  0.777146
-0.225528 -0.587521  0.777146
-0.194471 -0.598519  0.777146
-0.162880 -0.607877  0.777146
-0.130843 -0.615568  0.777146
-0.098447 -0.621572  0.777146
-0.065782 -0.625873  0.777146
-0.032936 -0.628458  0.777146
 0.000000 -0.629320  0.777146
 0.032936 -0.628458  0.777146
 0.065782 -0.625873  0.777146
 0.098447 -0.621572  0.777146
 0.130843 -0.615568  0.777146
 0.162880 -0.607877  0.777146
 0.194471 -0.598519  0.777146
 0.225528 -0.587521  0.777146
 0.255968 -0.574913  0.777146
 0.285705 -0.560729  0.777146
 0.314660 -0.545007  0.777146
 0.342752 -0.527792  0.777146
 0.369905 -0.509131  0.777146
 0.396044 -0.489074  0.777146
 0.421098 -0.467676  0.777146
 0.444997 -0.444997  0.777146
 0.467676 -0.421098  0.777146
 0.489074 -0.396044  0.777146
 0.509131 -0.369905  0.777146
 0.527793 -0.342752  0.777146
 0.545007 -0.314660  0.777146
 0.560729 -0.285705  0.777146
 0.574913 -0.255968  0.777146
 0.587521 -0.225528  0.777146
 0.598519 -0.194471  0.777146
 0.607877 -0.162880  0.777146
 0.615568 -0.130843  0.777146
 0.621572 -0.098447  0.777146
 0.625873 -0.065782  0.777146
 0.628458 -0.032936  0.777146
 0.629320  0.000000  0.777146
 0.669131  0.000000  0.743145
 0.668214  0.035020  0.743145
 0.665465  0.069943  0.743145
 0.660893  0.104675  0.743145
 0.654509  0.139120  0.743145
 0.646331  0.173184  0.743145
 0.636381  0.206773  0.743145
 0.624687  0.239795  0.743145
 0.611281  0.272160  0.743145
 0.596200  0.303779  0.743145
 0.579484  0.334565  0.743145
 0.561180  0.364435  0.743145
 0.541338  0.393305  0.743145
 0.520012  0.421098  0.743145
 0.497261  0.447736  0.743145
 0.473147  0.473147  0.743145
 0.447736  0.497261  0.743145
 0.421098  0.520012  0.743145
 0.393305  0.541338  0.743145
 0.364435  0.561180  0.743145
 0.334565  0.579484  0.743145
 0.303779  0.596200  0.743145
 0.272160  0.611281  0.743145
 0.239795  0.624687  0.743145
 0.206773  0.636381  0.743145
 0.173184  0.646331  0.743145
 0.139120  0.654509  0.743145
 0.104675  0.660893  0.743145
 0.069943  0.665465  0.743145
 0.035020  0.668214  0.743145
-0.000000  0.669131  0.743145
-0.035020  0.668214  0.743145
-0.069943  0.665465  0.743145
-0.104675  0.660893  0.743145
-0.139120  0.654509  0.743145
-0.173184  0.646331  0.743145
-0.206773  0.636381  0.743145
-0.239795  0.624687  0.743145
-0.272160  0.611281  0.743145
-0.303779  0.596200  0.743145
-0.334565  0.579484  0.743145
-0.364435  0.561180  0.743145
-0.393305  0.541338  0.743145
-0.421097  0.520012  0.743145
-0.447736  0.497261  0.743145
-0.473147  0.473147  0.743145
-0.497261  0.447736  0.743145
-0.520012  0.421098  0.743145
-0.541338  0.393305  0.743145
-0.561180  0.364435  0.743145
-0.579484  0.334565  0.743145
-0.596200  0.303779  0.743145
-0.611281  0.272160  0.743145
-0.624687  0.239795  0.743145
-0.636381  0.206773  0.743145
-0.646331  0.173184  0.743145
-0.654509  0.139120  0.743145
-0.660893  0.104675  0.743145
-0.665465  0.069943  0.743145
-0.668214  0.035020  0.743145
-0.669131 -0.000000  0.743145
-0.668214 -0.035020  0.743145
-0.665465 -0.069943  0.743145
-0.660893 -0.104675  0.743145
-0.654508 -0.139120  0.743145
-0.646331 -0.173184  0.743145
-0.636381 -0.206773  0.743145
-0.624687 -0.239795  0.743145
-0.611281 -0.272160  0.743145
-0.596200 -0.303779  0.743145
-0.579484 -0.334565  0.743145
-0.561180 -0.364435  0.743145
-0.541338 -0.393305  0.743145
-0.520012 -0.421098  0.743145
-0.497261 -0.447736  0.743145
-0.473147 -0.473147  0.743145
-0.447736 -0.497261  0.743145
-0.421097 -0.520012  0.743145
-0.393305 -0.541338  0.743145
-0.364435 -0.561180  0.743145
-0.334565 -0.579484  0.743145
-0.303779 -0.596200  0.743145
-0.272160 -0.611281  0.743145
-0.239795 -0.624687  0.743145
-0.206773 -0.636381  0.743145
-0.173184 -0.646331  0.743145
-0.139120 -0.654508  0.743145
-0.104675 -0.660892  0.743145
-0.069943 -0.665465  0.743145
-0.035020 -0.668214  0.743145
 0.000000 -0.669131  0.743145
 0.035020 -0.668214  0.743145
 0.069943 -0.665465  0.743145
 0.104675 -0.660892  0.743145
 0.139120 -0.654509  0.743145
 0.173184 -0.646331  0.743145
 0.206773 -0.636381  0.743145
 0.239795 -0.624687  0.743145
 0.272160 -0.611281  0.743145
 0.303779 -0.596200  0.743145
 0.334565 -0.579484  0.743145
 0.364435 -0.561180  0.743145
 0.393305 -0.541338  0.743145
 0.421098 -0.520012  0.743145
 0.447736 -0.497261  0.743145
 0.473147 -0.473147  0.743145
 0.497261 -0.447736  0.743145
 0.520012 -0.421098  0.743145
 0.541338 -0.393305  0.743145
 0.561180 -0.364435  0.743145
 0.579484 -0.334565  0.743145
 0.596200 -0.303779  0.743145
 0.611281 -0.272160  0.743145
 0.624687 -0.239795  0.743145
 0.636381 -0.206773  0.743145
 0.646330 -0.173184  0.743145
 0.654508 -0.139120  0.743145
 0.660893 -0.104675  0.743145
 0.665465 -0.069943  0.743145
 0.668214 -0.035020  0.743145
 0.669131  0.000000  0.743145
 0.707107  0.000000  0.707107
 0.706138  0.037007  0.707107
 0.703233  0.073913  0.707107
 0.698401  0.110616  0.707107
 0.691655  0.147016  0.707107
 0.683013  0.183013  0.707107
 0.672499  0.218508  0.707107
 0.660141  0.253404  0.707107
 0.645974  0.287606  0.707107
 0.630037  0.321020  0.707107
 0.612372  0.353553  0.707107
 0.593030  0.385118  0.707107
 0.572061  0.415627  0.707107
 0.549525  0.444997  0.707107
 0.525483  0.473147  0.707107
 0.500000  0.500000  0.707107
 0.473147  0.525483  0.707107
 0.444997  0.549525  0.707107
 0.415627  0.572061  0.707107
 0.385118  0.593030  0.707107
 0.353553  0.612372  0.707107
 0.321020  0.630037  0.707107
 0.287606  0.645974  0.707107
 0.253404  0.660141  0.707107
 0.218508  0.672499  0.707107
 0.183013  0.683013  0.707107
 0.147016  0.691655  0.707107
 0.110616  0.698401  0.707107
 0.073913  0.703233  0.707107
 0.037007  0.706138  0.707107
-0.000000  0.707107  0.707107
-0.037007  0.706138  0.707107
-0.073913  0.703233  0.707107
-0.110616  0.698401  0.707107
-0.147016  0.691655  0.707107
-0.183013  0.683013  0.707107
-0.218508  0.672499  0.707107
-0.253404  0.660141  0.707107
-0.287606  0.645974  0.707107
-0.321020  0.630037  0.707107
-0.353553  0.612372  0.707107
-0.385118  0.593030  0.707107
-0.415627  0.572061  0.707107
-0.444997  0.549525  0.707107
-0.473147  0.525483  0.707107
-0.500000  0.500000  0.707107
-0.525483  0.473147  0.707107
-0.549525  0.444997  0.707107
-0.572061  0.415627  0.707107
-0.593030  0.385118  0.707107
-0.612372  0.353553  0.707107
-0.630037  0.321020  0.707107
-0.645974  0.287606  0.707107
-0.660141  0.253404  0.707107
-0.672498  0.218508  0.707107
-0.683013  0.183013  0.707107
-0.691655  0.147016  0.707107
-0.698401  0.110616  0.707107
-0.703233  0.073913  0.707107
-0.706138  0.037007  0.707107
-0.707107 -0.000000  0.707107
-0.706138 -0.037007  0.707107
-0.703233 -0.073913  0.707107
-0.698401 -0.110616  0.707107
-0.691655 -0.147016  0.707107
-0.683013 -0.183013  0.707107
-0.672499 -0.218508  0.707107
-0.660141 -0.253404  0.707107
-0.645974 -0.287606  0.707107
-0.630037 -0.321020  0.707107
-0.612372 -0.353553  0.707107
-0.593030 -0.385118  0.707107
-0.572061 -0.415627  0.707107
-0.549525 -0.444997  0.707107
-0.525483 -0.473147  0.707107
-0.500000 -0.500000  0.707107
-0.473147 -0.525483  0.707107
-0.444997 -0.549525  0.707107
-0.415627 -0.572061  0.707107
-0.385118 -0.593030  0.707107
-0.353553 -0.612372  0.707107
-0.321020 -0.630037  0.707107
-0.287606 -0.645974  0.707107
-0.253404 -0.660141  0.707107
-0.218508 -0.672498  0.707107
-0.183013 -0.683013  0.707107
-0.147016 -0.691655  0.707107
-0.110616 -0.698401  0.707107
-0.073913 -0.703233  0.707107
-0.037007 -0.706138  0.707107
 0.000000 -0.707107  0.707107
 0.037007 -0.706138  0.707107
 0.073913 -0.703233  0.707107
 0.110616 -0.698401  0.707107
 0.147016 -0.691655  0.707107
 0.183013 -0.683013  0.707107
 0.218508 -0.672498  0.707107
 0.253404 -0.660141  0.707107
 0.287606 -0.645974  0.707107
 0.321020 -0.630037  0.707107
 0.353553 -0.612372  0.707107
 0.385118 -0.593030  0.707107
 0.415627 -0.572061  0.707107
 0.444997 -0.549525  0.707107
 0.473147 -0.525483  0.707107
 0.500000 -0.500000  0.707107
 0.525483 -0.473147  0.707107
 0.549525 -0.444997  0.707107
 0.572061 -0.415627  0.707107
 0.593030 -0.385118  0.707107
 0.612372 -0.353554  0.707107
 0.630037 -0.321020  0.707107
 0.645974 -0.287606  0.707107
 0.660141 -0.253404  0.707107
 0.672499 -0.218508  0.707107
 0.683013 -0.183013  0.707107
 0.691655 -0.147016  0.707107
 0.698401 -0.110616  0.707107
 0.703233 -0.073913  0.707107
 0.706138 -0.037007  0.707107
 0.707107  0.000000  0.707107
 0.743145  0.000000  0.669131
 0.742126  0.038893  0.669131
 0.739074  0.077680  0.669131
 0.733996  0.116253  0.669131
 0.726905  0.154509  0.669131
 0.717823  0.192340  0.669131
 0.706773  0.229644  0.669131
 0.693785  0.266319  0.669131
 0.678897  0.302264  0.669131
 0.662147  0.337381  0.669131
 0.643582  0.371572  0.669131
 0.623254  0.404746  0.669131
 0.601217  0.436810  0.669131
 0.577532  0.467676  0.669131
 0.552264  0.497261  0.669131
 0.525483  0.525483  0.669131
 0.497261  0.552264  0.669131
 0.467676  0.577532  0.669131
 0.436810  0.601217  0.669131
 0.404746  0.623254  0.669131
 0.371572  0.643582  0.669131
 0.337381  0.662147  0.669131
 0.302264  0.678897  0.669131
 0.266319  0.693785  0.669131
 0.229644  0.706773  0.669131
 0.192340  0.717823  0.669131
 0.154508  0.726905  0.669131
 0.116253  0.733996  0.669131
 0.077680  0.739074  0.669131
 0.038893  0.742126  0.669131
-0.000000  0.743145  0.669131
-0.038893  0.742126  0.669131
-0.077680  0.739074  0.669131
-0.116253  0.733996  0.669131
-0.154508  0.726905  0.669131
-0.192340  0.717823  0.669131
-0.229644  0.706773  0.669131
-0.266319  0.693786  0.669131
-0.302264  0.678897  0.669131
-0.337381  0.662147  0.669131
-0.371572  0.643582  0.669131
-0.404746  0.623254  0.669131
-0.436810  0.601217  0.669131
-0.467676  0.577532  0.669131
-0.497261  0.552264  0.669131
-0.525483  0.525483  0.669131
-0.552264  0.497261  0.669131
-0.577532  0.467676  0.669131
-0.601217  0.436810  0.669131
-0.623254  0.404746  0.669131
-0.643582  0.371572  0.669131
-0.662147  0.337381  0.669131
-0.678897  0.302264  0.669131
-0.693786  0.266319  0.669131
-0.706773  0.229644  0.669131
-0.717823  0.192340  0.669131
-0.726905  0.154508  0.669131
-0.733996  0.116253  0.669131
-0.739074  0.077680  0.669131
-0.742126  0.038893  0.669131
-0.743145 -0.000000  0.669131
-0.742126 -0.038893  0.669131
-0.739074 -0.077680  0.669131
-0.733996 -0.116253  0.669131
-0.726905 -0.154509  0.669131
-0.717823 -0.192340  0.669131
-0.706773 -0.229644  0.669131
-0.693786 -0.266319  0.669131
-0.678897 -0.302264  0.669131
-0.662147 -0.337381  0.669131
-0.643582 -0.371572  0.669131
-0.623254 -0.404746  0.669131
-0.601217 -0.436810  0.669131
-0.577532 -0.467676  0.669131
-0.552264 -0.497261  0.669131
-0.525483 -0.525483  0.669131
-0.497261 -0.552264  0.669131
-0.467676 -0.577532  0.669131
-0.436810 -0.601217  0.669131
-0.404746 -0.623254  0.669131
-0.371572 -0.643582  0.669131
-0.337381 -0.662147  0.669131
-0.302264 -0.678897  0.669131
-0.266319 -0.693786  0.669131
-0.229644 -0.706773  0.669131
-0.192340 -0.717823  0.669131
-0.154509 -0.726905  0.669131
-0.116254 -0.733995  0.669131
-0.077680 -0.739074  0.669131
-0.038893 -0.742126  0.669131
 0.000000 -0.743145  0.669131
 0.038893 -0.742126  0.669131
 0.077680 -0.739074  0.669131
 0.116254 -0.733995  0.669131
 0.154508 -0.726905  0.669131
 0.192340 -0.717823  0.669131
 0.229644 -0.706773  0.669131
 0.266319 -0.693786  0.669131
 0.302264 -0.678897  0.669131
 0.337381 -0.662147  0.669131
 0.371572 -0.643582  0.669131
 0.404746 -0.623254  0.669131
 0.436809 -0.601217  0.669131
 0.467676 -0.577532  0.669131
 0.497261 -0.552264  0.669131
 0.525483 -0.525483  0.669131
 0.552264 -0.497261  0.669131
 0.577532 -0.467676  0.669131
 0.601217 -0.436810  0.669131
 0.623254 -0.404746  0.669131
 0.643582 -0.371573  0.669131
 0.662147 -0.337381  0.669131
 0.678897 -0.302264  0.669131
 0.693785 -0.266319  0.669131
 0.706773 -0.229644  0.669131
 0.717823 -0.192340  0.669131
 0.726905 -0.154509  0.669131
 0.733996 -0.116253  0.669131
 0.739074 -0.077680  0.669131
 0.742126 -0.038893  0.669131
 0.743145  0.000000  0.669131
 0.777146  0.000000  0.629320
 0.776081  0.040673  0.629320
 0.772889  0.081234  0.629320
 0.767578  0.121572  0.629320
 0.760163  0.161578  0.629320
 0.750665  0.201140  0.629320
 0.739110  0.240151  0.629320
 0.725528  0.278504  0.629320
 0.709958  0.316094  0.629320
 0.692442  0.352817  0.629320
 0.673028  0.388573  0.629320
 0.651769  0.423264  0.629320
 0.628724  0.456795  0.629320
 0.603956  0.489074  0.629320
 0.577532  0.520012  0.629320
 0.549525  0.549525  0.629320
 0.520012  0.577532  0.629320
 0.489074  0.603956  0.629320
 0.456795  0.628724  0.629320
 0.423264  0.651769  0.629320
 0.388573  0.673028  0.629320
 0.352817  0.692442  0.629320
 0.316094  0.709958  0.629320
 0.278504  0.725528  0.629320
 0.240151  0.739110  0.629320
 0.201140  0.750665  0.629320
 0.161578  0.760163  0.629320
 0.121572  0.767578  0.629320
 0.081234  0.772889  0.629320
 0.040673  0.776081  0.629320
-0.000000  0.777146  0.629320
-0.040673  0.776081  0.629320
-0.081234  0.772889  0.629320
-0.121572  0.767578  0.629320
-0.161578  0.760163  0.629320
-0.201140  0.750665  0.629320
-0.240151  0.739110  0.629320
-0.278504  0.725528  0.629320
-0.316094  0.709958  0.629320
-0.352817  0.692442  0.629320
-0.388573  0.673028  0.629320
-0.423264  0.651769  0.629320
-0.456795  0.628724  0.629320
-0.489074  0.603956  0.629320
-0.520012  0.577532  0.629320
-0.549525  0.549525  0.629320
-0.577532  0.520012  0.629320
-0.603956  0.489074  0.629320
-0.628724  0.456795  0.629320
-0.651769  0.423264  0.629320
-0.673028  0.388573  0.629320
-0.692442  0.352817  0.629320
-0.709958  0.316094  0.629320
-0.725528  0.278504  0.629320
-0.739110  0.240151  0.629320
-0.750665  0.201140  0.629320
-0.760163  0.161578  0.629320
-0.767578  0.121572  0.629320
-0.772889  0.081234  0.629320
-0.776081  0.040673  0.629320
-0.777146 -0.000000  0.629320
-0.776081 -0.040673  0.629320
-0.772889 -0.081234  0.629320
-0.767578 -0.121572  0.629320
-0.760163 -0.161578  0.629320
-0.750665 -0.201140  0.629320
-0.739110 -0.240151  0.629320
-0.725528 -0.278504  0.629320
-0.709958 -0.316094  0.629320
-0.692442 -0.352817  0.629320
-0.673028 -0.388573  0.629320
-0.651769 -0.423264  0.629320
-0.628724 -0.456795  0.629320
-0.603956 -0.489074  0.629320
-0.577532 -0.520012  0.629320
-0.549525 -0.549525  0.629320
-0.520012 -0.577532  0.629320
-0.489074 -0.603956  0.629320
-0.456795 -0.628724  0.629320
-0.423264 -0.651769  0.629320
-0.388573 -0.673028  0.629320
-0.352817 -0.692442  0.629320
-0.316094 -0.709958  0.629320
-0.278504 -0.725528  0.629320
-0.240151 -0.739110  0.629320
-0.201140 -0.750665  0.629320
-0.161578 -0.760163  0.629320
-0.121572 -0.767578  0.629320
-0.081234 -0.772889  0.629320
-0.040673 -0.776081  0.629320
 0.000000 -0.777146  0.629320
 0.040673 -0.776081  0.629320
 0.081234 -0.772889  0.629320
 0.121572 -0.767578  0.629320
 0.161578 -0.760163  0.629320
 0.201140 -0.750665  0.629320
 0.240151 -0.739110  0.629320
 0.278504 -0.725528  0.629320
 0.316094 -0.709958  0.629320
 0.352817 -0.692442  0.629320
 0.388573 -0.673028  0.629320
 0.423264 -0.651769  0.629320
 0.456795 -0.628724  0.629320
 0.489074 -0.603956  0.629320
 0.520012 -0.577532  0.629320
 0.549525 -0.549525  0.629320
 0.577532 -0.520012  0.629320
 0.603956 -0.489074  0.629320
 0.628724 -0.456795  0.629320
 0.651769 -0.423264  0.629320
 0.673028 -0.388573  0.629320
 0.692442 -0.352817  0.629320
 0.709958 -0.316094  0.629320
 0.725528 -0.278504  0.629320
 0.739110 -0.240151  0.629320
 0.750665 -0.201140  0.629320
 0.760163 -0.161578  0.629320
 0.767578 -0.121572  0.629320
 0.772889 -0.081234  0.629320
 0.776081 -0.040673  0.629320
 0.777146  0.000000  0.629320
 0.809017  0.000000  0.587785
 0.807908  0.042341  0.587785
 0.804585  0.084565  0.587785
 0.799057  0.126558  0.587785
 0.791338  0.168204  0.587785
 0.781450  0.209389  0.587785
 0.769421  0.250000  0.587785
 0.755282  0.289926  0.587785
 0.739074  0.329057  0.587785
 0.720839  0.367286  0.587785
 0.700629  0.404509  0.587785
 0.678499  0.440622  0.587785
 0.654509  0.475528  0.587785
 0.628724  0.509131  0.587785
 0.601217  0.541338  0.587785
 0.572061  0.572061  0.587785
 0.541338  0.601217  0.587785
 0.509131  0.628724  0.587785
 0.475528  0.654509  0.587785
 0.440622  0.678499  0.587785
 0.404508  0.700629  0.587785
 0.367286  0.720839  0.587785
 0.329057  0.739074  0.587785
 0.289926  0.755282  0.587785
 0.250000  0.769421  0.587785
 0.209389  0.781450  0.587785
 0.168204  0.791338  0.587785
 0.126558  0.799057  0.587785
 0.084565  0.804585  0.587785
 0.042341  0.807908  0.587785
-0.000000  0.809017  0.587785
-0.042341  0.807908  0.587785
-0.084565  0.804585  0.587785
-0.126558  0.799057  0.587785
-0.168204  0.791338  0.587785
-0.209389  0.781450  0.587785
-0.250000  0.769421  0.587785
-0.289926  0.755282  0.587785
-0.329057  0.739074  0.587785
-0.367286  0.720840  0.587785
-0.404509  0.700629  0.587785
-0.440622  0.678499  0.587785
-0.475528  0.654509  0.587785
-0.509131  0.628724  0.587785
-0.541338  0.601217  0.587785
-0.572061  0.572061  0.587785
-0.601217  0.541338  0.587785
-0.628724  0.509131  0.587785
-0.654509  0.475528  0.587785
-0.678499  0.440622  0.587785
-0.700629  0.404509  0.587785
-0.720839  0.367286  0.587785
-0.739074  0.329057  0.587785
-0.755282  0.289926  0.587785
-0.769421  0.250000  0.587785
-0.781450  0.209389  0.587785
-0.791338  0.168204  0.587785
-0.799057  0.126558  0.587785
-0.804585  0.084565  0.587785
-0.807908  0.042341  0.587785
-0.809017 -0.000000  0.587785
-0.807908 -0.042341  0.587785
-0.804585 -0.084565  0.587785
-0.799057 -0.126558  0.587785
-0.791338 -0.168204  0.587785
-0.781450 -0.209389  0.587785
-0.769421 -0.250000  0.587785
-0.755282 -0.289926  0.587785
-0.739074 -0.329057  0.587785
-0.720839 -0.367286  0.587785
-0.700629 -0.404508  0.587785
-0.678499 -0.440622  0.587785
-0.654509 -0.475528  0.587785
-0.628724 -0.509131  0.587785
-0.601217 -0.541338  0.587785
-0.572061 -0.572061  0.587785
-0.541338 -0.601217  0.587785
-0.509131 -0.628724  0.587785
-0.475528 -0.654508  0.587785
-0.440622 -0.678499  0.587785
-0.404508 -0.700629  0.587785
-0.367286 -0.720839  0.587785
-0.329057 -0.739074  0.587785
-0.289926 -0.755283  0.587785
-0.250000 -0.769421  0.587785
-0.209389 -0.781450  0.587785
-0.168204 -0.791338  0.587785
-0.126558 -0.799057  0.587785
-0.084565 -0.804585  0.587785
-0.042341 -0.807908  0.587785
 0.000000 -0.809017  0.587785
 0.042341 -0.807908  0.587785
 0.084565 -0.804585  0.587785
 0.126558 -0.799057  0.587785
 0.168204 -0.791338  0.587785
 0.209389 -0.781450  0.587785
 0.250000 -0.769421  0.587785
 0.289926 -0.755282  0.587785
 0.329057 -0.739074  0.587785
 0.367286 -0.720840  0.587785
 0.404508 -0.700629  0.587785
 0.440622 -0.678499  0.587785
 0.475528 -0.654509  0.587785
 0.509131 -0.628724  0.587785
 0.541338 -0.601217  0.587785
 0.572061 -0.572061  0.587785
 0.601217 -0.541338  0.587785
 0.628724 -0.509131  0.587785
 0.654508 -0.475528  0.587785
 0.678499 -0.440622  0.587785
 0.700629 -0.404509  0.587785
 0.720839 -0.367286  0.587785
 0.739074 -0.329057  0.587785
 0.755282 -0.289926  0.587785
 0.769421 -0.250000  0.587785
 0.781450 -0.209389  0.587785
 0.791338 -0.168204  0.587785
 0.799057 -0.126558  0.587785
 0.804585 -0.084565  0.587785
 0.807908 -0.042341  0.587785
 0.809017  0.000000  0.587785
 0.838671  0.000000  0.544639
 0.837521  0.043893  0.544639
 0.834076  0.087665  0.544639
 0.828345  0.131197  0.544639
 0.820344  0.174369  0.544639
 0.810094  0.217064  0.544639
 0.797623  0.259163  0.544639
 0.782966  0.300553  0.544639
 0.766164  0.341118  0.544639
 0.747261  0.380748  0.544639
 0.726310  0.419335  0.544639
 0.703368  0.456773  0.544639
 0.678499  0.492958  0.544639
 0.651769  0.527792  0.544639
 0.623254  0.561180  0.544639
 0.593030  0.593030  0.544639
 0.561180  0.623254  0.544639
 0.527793  0.651769  0.544639
 0.492958  0.678499  0.544639
 0.456773  0.703368  0.544639
 0.419335  0.726310  0.544639
 0.380748  0.747261  0.544639
 0.341118  0.766164  0.544639
 0.300553  0.782966  0.544639
 0.259163  0.797623  0.544639
 0.217064  0.810094  0.544639
 0.174369  0.820344  0.544639
 0.131197  0.828345  0.544639
 0.087665  0.834076  0.544639
 0.043893  0.837521  0.544639
-0.000000  0.838671  0.544639
-0.043893  0.837521  0.544639
-0.087665  0.834076  0.544639
-0.131197  0.828345  0.544639
-0.174369  0.820344  0.544639
-0.217064  0.810094  0.544639
-0.259163  0.797623  0.544639
-0.300553  0.782966  0.544639
-0.341118  0.766164  0.544639
-0.380748  0.747261  0.544639
-0.419335  0.726310  0.544639
-0.456773  0.703368  0.544639
-0.492958  0.678499  0.544639
-0.527792  0.651770  0.544639
-0.561180  0.623254  0.544639
-0.593030  0.593030  0.544639
-0.623254  0.561180  0.544639
-0.651769  0.527793  0.544639
-0.678499  0.492958  0.544639
-0.703368  0.456773  0.544639
-0.726310  0.419335  0.544639
-0.747261  0.380749  0.544639
-0.766164  0.341118  0.544639
-0.782966  0.300553  0.544639
-0.797623  0.259163  0.544639
-0.810094  0.217064  0.544639
-0.820344  0.174369  0.544639
-0.828345  0.131197  0.544639
-0.834076  0.087665  0.544639
-0.837521  0.043893  0.544639
-0.838671 -0.000000  0.544639
-0.837521 -0.043893  0.544639
-0.834076 -0.087665  0.544639
-0.828345 -0.131197  0.544639
-0.820344 -0.174369  0.544639
-0.810094 -0.217064  0.544639
-0.797623 -0.259163  0.544639
-0.782966 -0.300553  0.544639
-0.766164 -0.341118  0.544639
-0.747261 -0.380749  0.544639
-0.726310 -0.419335  0.544639
-0.703368 -0.456773  0.544639
-0.678499 -0.492958  0.544639
-0.651769 -0.527793  0.544639
-0.623254 -0.561180  0.544639
-0.593030 -0.593030  0.544639
-0.561180 -0.623254  0.544639
-0.527792 -0.651769  0.544639
-0.492958 -0.678499  0.544639
-0.456773 -0.703368  0.544639
-0.419335 -0.726310  0.544639
-0.380749 -0.747261  0.544639
-0.341118 -0.766164  0.544639
-0.300552 -0.782966  0.544639
-0.259164 -0.797623  0.544639
-0.217064 -0.810094  0.544639
-0.174370 -0.820344  0.544639
-0.131197 -0.828345  0.544639
-0.087665 -0.834076  0.544639
-0.043893 -0.837521  0.544639
 0.000000 -0.838671  0.544639
 0.043893 -0.837521  0.544639
 0.087665 -0.834076  0.544639
 0.131197 -0.828345  0.544639
 0.174369 -0.820344  0.544639
 0.217064 -0.810094  0.544639
 0.259164 -0.797623  0.544639
 0.300553 -0.782966  0.544639
 0.341118 -0.766164  0.544639
 0.380748 -0.747261  0.544639
 0.419335 -0.726310  0.544639
 0.456773 -0.703368  0.544639
 0.492958 -0.678499  0.544639
 0.527792 -0.651769  0.544639
 0.561180 -0.623254  0.544639
 0.593029 -0.593030  0.544639
 0.623254 -0.561180  0.544639
 0.651769 -0.527793  0.544639
 0.678499 -0.492958  0.544639
 0.703368 -0.456773  0.544639
 0.726310 -0.419335  0.544639
 0.747261 -0.380748  0.544639
 0.766164 -0.341118  0.544639
 0.782966 -0.300553  0.544639
 0.797623 -0.259163  0.544639
 0.810093 -0.217064  0.544639
 0.820344 -0.174369  0.544639
 0.828345 -0.131197  0.544639
 0.834076 -0.087665  0.544639
 0.837521 -0.043893  0.544639
 0.838671  0.000000  0.544639
 0.866025  0.000000  0.500000
 0.864839  0.045324  0.500000
 0.861281  0.090524  0.500000
 0.855363  0.135476  0.500000
 0.847101  0.180057  0.500000
 0.836516  0.224144  0.500000
 0.823639  0.267617  0.500000
 0.808504  0.310356  0.500000
 0.791154  0.352244  0.500000
 0.771634  0.393167  0.500000
 0.750000  0.433013  0.500000
 0.726310  0.471671  0.500000
 0.700629  0.509037  0.500000
 0.673028  0.545007  0.500000
 0.643582  0.579484  0.500000
 0.612372  0.612372  0.500000
 0.579484  0.643582  0.500000
 0.545008  0.673028  0.500000
 0.509037  0.700629  0.500000
 0.471671  0.726310  0.500000
 0.433013  0.750000  0.500000
 0.393167  0.771634  0.500000
 0.352244  0.791154  0.500000
 0.310356  0.808504  0.500000
 0.267617  0.823639  0.500000
 0.224144  0.836516  0.500000
 0.180057  0.847101  0.500000
 0.135476  0.855363  0.500000
 0.090524  0.861281  0.500000
 0.045324  0.864839  0.500000
-0.000000  0.866025  0.500000
-0.045324  0.864839  0.500000
-0.090524  0.861281  0.500000
-0.135476  0.855363  0.500000
-0.180057  0.847101  0.500000
-0.224144  0.836516  0.500000
-0.267617  0.823639  0.500000
-0.310356  0.808504  0.500000
-0.352244  0.791154  0.500000
-0.393167  0.771634  0.500000
-0.433013  0.750000  0.500000
-0.471671  0.726310  0.500000
-0.509037  0.700629  0.500000
-0.545007  0.673028  0.500000
-0.579484  0.643582  0.500000
-0.612372  0.612372  0.500000
-0.643582  0.579484  0.500000
-0.673028  0.545008  0.500000
-0.700629  0.509037  0.500000
-0.726310  0.471671  0.500000
-0.750000  0.433013  0.500000
-0.771634  0.393167  0.500000
-0.791154  0.352244  0.500000
-0.808504  0.310356  0.500000
-0.823639  0.267617  0.500000
-0.836516  0.224144  0.500000
-0.847101  0.180057  0.500000
-0.855363  0.135476  0.500000
-0.861281  0.090524  0.500000
-0.864839  0.045324  0.500000
-0.866025 -0.000000  0.500000
-0.864839 -0.045324  0.500000
-0.861281 -0.090524  0.500000
-0.855363 -0.135476  0.500000
-0.847101 -0.180057  0.500000
-0.836516 -0.224144  0.500000
-0.823639 -0.267617  0.500000
-0.808504 -0.310356  0.500000
-0.791154 -0.352244  0.500000
-0.771634 -0.393167  0.500000
-0.750000 -0.433013  0.500000
-0.726310 -0.471671  0.500000
-0.700629 -0.509037  0.500000
-0.673028 -0.545008  0.500000
-0.643582 -0.579484  0.500000
-0.612373 -0.612372  0.500000
-0.579484 -0.643582  0.500000
-0.545007 -0.673028  0.500000
-0.509037 -0.700629  0.500000
-0.471671 -0.726310  0.500000
-0.433013 -0.750000  0.500000
-0.393167 -0.771634  0.500000
-0.352244 -0.791154  0.500000
-0.310356 -0.808504  0.500000
-0.267617 -0.823639  0.500000
-0.224144 -0.836516  0.500000
-0.180057 -0.847101  0.500000
-0.135476 -0.855363  0.500000
-0.090524 -0.861281  0.500000
-0.045324 -0.864839  0.500000
 0.000000 -0.866025  0.500000
 0.045324 -0.864839  0.500000
 0.090524 -0.861281  0.500000
 0.135476 -0.855363  0.500000
 0.180057 -0.847101  0.500000
 0.224144 -0.836516  0.500000
 0.267617 -0.823639  0.500000
 0.310356 -0.808504  0.500000
 0.352244 -0.791154  0.500000
 0.393167 -0.771634  0.500000
 0.433013 -0.750000  0.500000
 0.471671 -0.726310  0.500000
 0.509037 -0.700629  0.500000
 0.545007 -0.673028  0.500000
 0.579484 -0.643582  0.500000
 0.612372 -0.612373  0.500000
 0.643582 -0.579484  0.500000
 0.673028 -0.545008  0.500000
 0.700629 -0.509037  0.500000
 0.726310 -0.471671  0.500000
 0.750000 -0.433013  0.500000
 0.771634 -0.393167  0.500000
 0.791154 -0.352244  0.500000
 0.808504 -0.310356  0.500000
 0.823639 -0.267617  0.500000
 0.836516 -0.224144  0.500000
 0.847101 -0.180057  0.500000
 0.855363 -0.135476  0.500000
 0.861281 -0.090524  0.500000
 0.864839 -0.045324  0.500000
 0.866025  0.000000  0.500000
 0.891007  0.000000  0.453991
 0.889785  0.046632  0.453991
 0.886126  0.093136  0.453991
 0.880037  0.139384  0.453991
 0.871536  0.185251  0.453991
 0.860646  0.230609  0.453991
 0.847398  0.275336  0.453991
 0.831826  0.319308  0.453991
 0.813975  0.362405  0.453991
 0.793893  0.404509  0.453991
 0.771634  0.445503  0.453991
 0.747261  0.485277  0.453991
 0.720839  0.523721  0.453991
 0.692442  0.560729  0.453991
 0.662147  0.596200  0.453991
 0.630037  0.630037  0.453991
 0.596200  0.662147  0.453991
 0.560729  0.692442  0.453991
 0.523721  0.720839  0.453991
 0.485277  0.747261  0.453991
 0.445503  0.771634  0.453991
 0.404509  0.793893  0.453991
 0.362405  0.813975  0.453991
 0.319308  0.831826  0.453991
 0.275336  0.847398  0.453991
 0.230609  0.860646  0.453991
 0.185251  0.871536  0.453991
 0.139384  0.880037  0.453991
 0.093136  0.886126  0.453991
 0.046632  0.889785  0.453991
-0.000000  0.891007  0.453991
-0.046632  0.889785  0.453991
-0.093136  0.886126  0.453991
-0.139384  0.880037  0.453991
-0.185251  0.871536  0.453991
-0.230609  0.860646  0.453991
-0.275336  0.847398  0.453991
-0.319308  0.831826  0.453991
-0.362405  0.813975  0.453991
-0.404508  0.793893  0.453991
-0.445503  0.771634  0.453991
-0.485277  0.747261  0.453991
-0.523720  0.720839  0.453991
-0.560728  0.692442  0.453991
-0.596200  0.662147  0.453991
-0.630037  0.630037  0.453991
-0.662147  0.596200  0.453991
-0.692442  0.560729  0.453991
-0.720840  0.523720  0.453991
-0.747261  0.485277  0.453991
-0.771634  0.445503  0.453991
-0.793893  0.404509  0.453991
-0.813975  0.362405  0.453991
-0.831826  0.319308  0.453991
-0.847398  0.275336  0.453991
-0.860646  0.230610  0.453991
-0.871536  0.185251  0.453991
-0.880037  0.139384  0.453991
-0.886126  0.093136  0.453991
-0.889785  0.046632  0.453991
-0.891007 -0.000000  0.453991
-0.889785 -0.046632  0.453991
-0.886126 -0.093136  0.453991
-0.880037 -0.139384  0.453991
-0.871536 -0.185251  0.453991
-0.860646 -0.230609  0.453991
-0.847398 -0.275336  0.453991
-0.831826 -0.319308  0.453991
-0.813975 -0.362405  0.453991
-0.793893 -0.404509  0.453991
-0.771634 -0.445503  0.453991
-0.747261 -0.485277  0.453991
-0.720840 -0.523720  0.453991
-0.692442 -0.560729  0.453991
-0.662147 -0.596200  0.453991
-0.630037 -0.630037  0.453991
-0.596200 -0.662147  0.453991
-0.560728 -0.692442  0.453991
-0.523721 -0.720839  0.453991
-0.485277 -0.747261  0.453991
-0.445503 -0.771634  0.453991
-0.404509 -0.793893  0.453991
-0.362405 -0.813975  0.453991
-0.319308 -0.831826  0.453991
-0.275336 -0.847398  0.453991
-0.230609 -0.860646  0.453991
-0.185251 -0.871536  0.453991
-0.139384 -0.880037  0.453991
-0.093135 -0.886126  0.453991
-0.046632 -0.889785  0.453991
 0.000000 -0.891007  0.453991
 0.046632 -0.889785  0.453991
 0.093135 -0.886126  0.453991
 0.139384 -0.880037  0.453991
 0.185250 -0.871536  0.453991
 0.230609 -0.860646  0.453991
 0.275336 -0.847398  0.453991
 0.319308 -0.831826  0.453991
 0.362405 -0.813975  0.453991
 0.404508 -0.793893  0.453991
 0.445503 -0.771634  0.453991
 0.485277 -0.747261  0.453991
 0.523720 -0.720840  0.453991
 0.560729 -0.692442  0.453991
 0.596200 -0.662147  0.453991
 0.630037 -0.630037  0.453991
 0.662147 -0.596200  0.453991
 0.692442 -0.560729  0.453991
 0.720839 -0.523721  0.453991
 0.747261 -0.485277  0.453991
 0.771634 -0.445503  0.453991
 0.793893 -0.404509  0.453991
 0.813975 -0.362405  0.453991
 0.831826 -0.319308  0.453991
 0.847398 -0.275336  0.453991
 0.860646 -0.230610  0.453991
 0.871536 -0.185251  0.453991
 0.880037 -0.139384  0.453991
 0.886125 -0.093136  0.453991
 0.889785 -0.046632  0.453991
 0.891007  0.000000  0.453991
 0.913545  0.000000  0.406737
 0.912293  0.047811  0.406737
 0.908541  0.095492  0.406737
 0.902298  0.142910  0.406737
 0.893582  0.189937  0.406737
 0.882417  0.236443  0.406737
 0.868833  0.282301  0.406737
 0.852868  0.327385  0.406737
 0.834565  0.371572  0.406737
 0.813975  0.414741  0.406737
 0.791154  0.456773  0.406737
 0.766164  0.497553  0.406737
 0.739074  0.536969  0.406737
 0.709958  0.574913  0.406737
 0.678897  0.611281  0.406737
 0.645974  0.645974  0.406737
 0.611281  0.678897  0.406737
 0.574913  0.709958  0.406737
 0.536969  0.739074  0.406737
 0.497553  0.766164  0.406737
 0.456773  0.791154  0.406737
 0.414741  0.813975  0.406737
 0.371572  0.834565  0.406737
 0.327385  0.852868  0.406737
 0.282301  0.868833  0.406737
 0.236443  0.882417  0.406737
 0.189937  0.893582  0.406737
 0.142910  0.902298  0.406737
 0.095491  0.908541  0.406737
 0.047811  0.912293  0.406737
-0.000000  0.913545  0.406737
-0.047811  0.912293  0.406737
-0.095492  0.908541  0.406737
-0.142910  0.902298  0.406737
-0.189937  0.893582  0.406737
-0.236443  0.882417  0.406737
-0.282301  0.868833  0.406737
-0.327385  0.852868  0.406737
-0.371572  0.834565  0.406737
-0.414741  0.813975  0.406737
-0.456773  0.791154  0.406737
-0.497553  0.766164  0.406737
-0.536969  0.739074  0.406737
-0.574913  0.709958  0.406737
-0.611281  0.678897  0.406737
-0.645974  0.645974  0.406737
-0.678897  0.611281  0.406737
-0.709958  0.574913  0.406737
-0.739074  0.536969  0.406737
-0.766164  0.497553  0.406737
-0.791154  0.456773  0.406737
-0.813975  0.414741  0.406737
-0.834565  0.371572  0.406737
-0.852868  0.327385  0.406737
-0.868833  0.282301  0.406737
-0.882417  0.236443  0.406737
-0.893582  0.189937  0.406737
-0.902298  0.142910  0.406737
-0.908541  0.095492  0.406737
-0.912293  0.047811  0.406737
-0.913545 -0.000000  0.406737
-0.912293 -0.047811  0.406737
-0.908541 -0.095491  0.406737
-0.902298 -0.142910  0.406737
-0.893582 -0.189937  0.406737
-0.882417 -0.236443  0.406737
-0.868833 -0.282301  0.406737
-0.852868 -0.327385  0.406737
-0.834565 -0.371572  0.406737
-0.813975 -0.414741  0.406737
-0.791154 -0.456773  0.406737
-0.766164 -0.497552  0.406737
-0.739074 -0.536968  0.406737
-0.709958 -0.574913  0.406737
-0.678897 -0.611281  0.406737
-0.645974 -0.645974  0.406737
-0.611281 -0.678897  0.406737
-0.574913 -0.709958  0.406737
-0.536969 -0.739074  0.406737
-0.497553 -0.766164  0.406737
-0.456773 -0.791154  0.406737
-0.414741 -0.813975  0.406737
-0.371572 -0.834565  0.406737
-0.327385 -0.852868  0.406737
-0.282301 -0.868833  0.406737
-0.236443 -0.882417  0.406737
-0.189937 -0.893582  0.406737
-0.142910 -0.902298  0.406737
-0.095491 -0.908541  0.406737
-0.047811 -0.912293  0.406737
 0.000000 -0.913545  0.406737
 0.047811 -0.912293  0.406737
 0.095491 -0.908541  0.406737
 0.142910 -0.902298  0.406737
 0.189937 -0.893582  0.406737
 0.236443 -0.882417  0.406737
 0.282301 -0.868833  0.406737
 0.327385 -0.852868  0.406737
 0.371572 -0.834565  0.406737
 0.414741 -0.813975  0.406737
 0.456773 -0.791154  0.406737
 0.497553 -0.766164  0.406737
 0.536968 -0.739074  0.406737
 0.574913 -0.709958  0.406737
 0.611281 -0.678897  0.406737
 0.645974 -0.645974  0.406737
 0.678897 -0.611281  0.406737
 0.709958 -0.574913  0.406737
 0.739074 -0.536969  0.406737
 0.766164 -0.497552  0.406737
 0.791154 -0.456773  0.406737
 0.813975 -0.414741  0.406737
 0.834565 -0.371572  0.406737
 0.852868 -0.327386  0.406737
 0.868833 -0.282301  0.406737
 0.882417 -0.236443  0.406737
 0.893582 -0.189937  0.406737
 0.902298 -0.142910  0.406737
 0.908541 -0.095492  0.406737
 0.912293 -0.047811  0.406737
 0.913545  0.000000  0.406737
 0.933580  0.000000  0.358368
 0.932301  0.048860  0.358368
 0.928466  0.097586  0.358368
 0.922086  0.146044  0.358368
 0.913179  0.194102  0.358368
 0.901769  0.241628  0.358368
 0.887888  0.288492  0.358368
 0.871572  0.334565  0.358368
 0.852868  0.379721  0.358368
 0.831826  0.423837  0.358368
 0.808504  0.466790  0.358368
 0.782966  0.508464  0.358368
 0.755282  0.548745  0.358368
 0.725528  0.587521  0.358368
 0.693785  0.624687  0.358368
 0.660141  0.660141  0.358368
 0.624687  0.693785  0.358368
 0.587521  0.725528  0.358368
 0.548745  0.755282  0.358368
 0.508464  0.782966  0.358368
 0.466790  0.808504  0.358368
 0.423837  0.831826  0.358368
 0.379721  0.852868  0.358368
 0.334565  0.871572  0.358368
 0.288492  0.887888  0.358368
 0.241628  0.901769  0.358368
 0.194102  0.913179  0.358368
 0.146044  0.922086  0.358368
 0.097586  0.928466  0.358368
 0.048860  0.932301  0.358368
-0.000000  0.933580  0.358368
-0.048860  0.932301  0.358368
-0.097586  0.928466  0.358368
-0.146044  0.922086  0.358368
-0.194102  0.913179  0.358368
-0.241628  0.901769  0.358368
-0.288492  0.887888  0.358368
-0.334565  0.871572  0.358368
-0.379721  0.852868  0.358368
-0.423837  0.831826  0.358368
-0.466790  0.808504  0.358368
-0.508464  0.782966  0.358368
-0.548745  0.755282  0.358368
-0.587521  0.725528  0.358368
-0.624687  0.693785  0.358368
-0.660141  0.660141  0.358368
-0.693785  0.624687  0.358368
-0.725528  0.587521  0.358368
-0.755282  0.548745  0.358368
-0.782966  0.508464  0.358368
-0.808504  0.466790  0.358368
-0.831826  0.423837  0.358368
-0.852868  0.379721  0.358368
-0.871572  0.334565  0.358368
-0.887888  0.288492  0.358368
-0.901769  0.241628  0.358368
-0.913179  0.194102  0.358368
-0.922086  0.146044  0.358368
-0.928466  0.097586  0.358368
-0.932301  0.048860  0.358368
-0.933580 -0.000000  0.358368
-0.932301 -0.048860  0.358368
-0.928466 -0.097586  0.358368
-0.922086 -0.146044  0.358368
-0.913179 -0.194102  0.358368
-0.901769 -0.241628  0.358368
-0.887888 -0.288492  0.358368
-0.871572 -0.334565  0.358368
-0.852868 -0.379721  0.358368
-0.831826 -0.423837  0.358368
-0.808504 -0.466790  0.358368
-0.782966 -0.508464  0.358368
-0.755282 -0.548745  0.358368
-0.725528 -0.587521  0.358368
-0.693785 -0.624687  0.358368
-0.660141 -0.660141  0.358368
-0.624687 -0.693785  0.358368
-0.587521 -0.725528  0.358368
-0.548745 -0.755282  0.358368
-0.508464 -0.782966  0.358368
-0.466790 -0.808504  0.358368
-0.423837 -0.831826  0.358368
-0.379721 -0.852868  0.358368
-0.334565 -0.871572  0.358368
-0.288492 -0.887888  0.358368
-0.241628 -0.901769  0.358368
-0.194102 -0.913179  0.358368
-0.146044 -0.922086  0.358368
-0.097586 -0.928466  0.358368
-0.048860 -0.932301  0.358368
 0.000000 -0.933580  0.358368
 0.048860 -0.932301  0.358368
 0.097586 -0.928466  0.358368
 0.146044 -0.922086  0.358368
 0.194102 -0.913179  0.358368
 0.241628 -0.901769  0.358368
 0.288492 -0.887888  0.358368
 0.334565 -0.871572  0.358368
 0.379721 -0.852868  0.358368
 0.423836 -0.831826  0.358368
 0.466790 -0.808504  0.358368
 0.508464 -0.782966  0.358368
 0.548745 -0.755283  0.358368
 0.587521 -0.725528  0.358368
 0.624687 -0.693785  0.358368
 0.660141 -0.660141  0.358368
 0.693785 -0.624687  0.358368
 0.725528 -0.587521  0.358368
 0.755282 -0.548745  0.358368
 0.782966 -0.508464  0.358368
 0.808504 -0.466790  0.358368
 0.831826 -0.423837  0.358368
 0.852868 -0.379721  0.358368
 0.871572 -0.334565  0.358368
 0.887888 -0.288492  0.358368
 0.901769 -0.241629  0.358368
 0.913179 -0.194102  0.358368
 0.922086 -0.146044  0.358368
 0.928466 -0.097586  0.358368
 0.932301 -0.048860  0.358368
 0.933580  0.000000  0.358368
 0.951057  0.000000  0.309017
 0.949753  0.049774  0.309017
 0.945847  0.099412  0.309017
 0.939348  0.148778  0.309017
 0.930274  0.197736  0.309017
 0.918650  0.246152  0.309017
 0.904509  0.293893  0.309017
 0.887888  0.340828  0.309017
 0.868833  0.386830  0.309017
 0.847398  0.431771  0.309017
 0.823639  0.475528  0.309017
 0.797623  0.517983  0.309017
 0.769421  0.559017  0.309017
 0.739110  0.598519  0.309017
 0.706773  0.636381  0.309017
 0.672499  0.672499  0.309017
 0.636381  0.706773  0.309017
 0.598519  0.739110  0.309017
 0.559017  0.769421  0.309017
 0.517983  0.797623  0.309017
 0.475528  0.823639  0.309017
 0.431771  0.847398  0.309017
 0.386830  0.868833  0.309017
 0.340828  0.887888  0.309017
 0.293893  0.904509  0.309017
 0.246152  0.918650  0.309017
 0.197736  0.930274  0.309017
 0.148778  0.939348  0.309017
 0.099412  0.945847  0.309017
 0.049774  0.949753  0.309017
-0.000000  0.951057  0.309017
-0.049774  0.949753  0.309017
-0.099413  0.945847  0.309017
-0.148778  0.939348  0.309017
-0.197736  0.930274  0.309017
-0.246152  0.918650  0.309017
-0.293893  0.904509  0.309017
-0.340828  0.887888  0.309017
-0.386829  0.868833  0.309017
-0.431771  0.847398  0.309017
-0.475528  0.823639  0.309017
-0.517983  0.797623  0.309017
-0.559017  0.769421  0.309017
-0.598519  0.739110  0.309017
-0.636381  0.706773  0.309017
-0.672499  0.672499  0.309017
-0.706773  0.636381  0.309017
-0.739110  0.598519  0.309017
-0.769421  0.559017  0.309017
-0.797623  0.517983  0.309017
-0.823639  0.475528  0.309017
-0.847398  0.431771  0.309017
-0.868833  0.386829  0.309017
-0.887888  0.340828  0.309017
-0.904508  0.293893  0.309017
-0.918650  0.246152  0.309017
-0.930274  0.197736  0.309017
-0.939348  0.148778  0.309017
-0.945847  0.099413  0.309017
-0.949753  0.049775  0.309017
-0.951057 -0.000000  0.309017
-0.949753 -0.049774  0.309017
-0.945847 -0.099412  0.309017
-0.939348 -0.148778  0.309017
-0.930274 -0.197736  0.309017
-0.918650 -0.246152  0.309017
-0.904509 -0.293893  0.309017
-0.887888 -0.340828  0.309017
-0.868833 -0.386829  0.309017
-0.847398 -0.431771  0.309017
-0.823639 -0.475528  0.309017
-0.797623 -0.517982  0.309017
-0.769421 -0.559017  0.309017
-0.739110 -0.598519  0.309017
-0.706773 -0.636381  0.309017
-0.672499 -0.672498  0.309017
-0.636381 -0.706773  0.309017
-0.598519 -0.739110  0.309017
-0.559017 -0.769421  0.309017
-0.517983 -0.797623  0.309017
-0.475528 -0.823639  0.309017
-0.431771 -0.847398  0.309017
-0.386830 -0.868833  0.309017
-0.340828 -0.887888  0.309017
-0.293893 -0.904508  0.309017
-0.246151 -0.918650  0.309017
-0.197736 -0.930274  0.309017
-0.148778 -0.939347  0.309017
-0.099412 -0.945847  0.309017
-0.049775 -0.949753  0.309017
 0.000000 -0.951057  0.309017
 0.049775 -0.949753  0.309017
 0.099412 -0.945847  0.309017
 0.148778 -0.939347  0.309017
 0.197736 -0.930274  0.309017
 0.246152 -0.918650  0.309017
 0.293893 -0.904508  0.309017
 0.340828 -0.887888  0.309017
 0.386830 -0.868833  0.309017
 0.431770 -0.847398  0.309017
 0.475528 -0.823639  0.309017
 0.517983 -0.797623  0.309017
 0.559017 -0.769421  0.309017
 0.598519 -0.739110  0.309017
 0.636381 -0.706773  0.309017
 0.672498 -0.672499  0.309017
 0.706773 -0.636381  0.309017
 0.739110 -0.598520  0.309017
 0.769421 -0.559017  0.309017
 0.797623 -0.517982  0.309017
 0.823639 -0.475528  0.309017
 0.847398 -0.431771  0.309017
 0.868833 -0.386829  0.309017
 0.887888 -0.340828  0.309017
 0.904509 -0.293893  0.309017
 0.918650 -0.246152  0.309017
 0.930274 -0.197736  0.309017
 0.939348 -0.148778  0.309017
 0.945846 -0.099413  0.309017
 0.949753 -0.049774  0.309017
 0.951057  0.000000  0.309017
 0.965926  0.000000  0.258819
 0.964602  0.050553  0.258819
 0.960634  0.100967  0.258819
 0.954034  0.151104  0.258819
 0.944818  0.200827  0.258819
 0.933013  0.250000  0.258819
 0.918650  0.298488  0.258819
 0.901769  0.346157  0.258819
 0.882417  0.392877  0.258819
 0.860646  0.438521  0.258819
 0.836516  0.482963  0.258819
 0.810094  0.526081  0.258819
 0.781450  0.567757  0.258819
 0.750665  0.607877  0.258819
 0.717823  0.646331  0.258819
 0.683013  0.683013  0.258819
 0.646330  0.717823  0.258819
 0.607877  0.750665  0.258819
 0.567757  0.781450  0.258819
 0.526081  0.810094  0.258819
 0.482963  0.836516  0.258819
 0.438521  0.860646  0.258819
 0.392877  0.882417  0.258819
 0.346157  0.901769  0.258819
 0.298487  0.918650  0.258819
 0.250000  0.933013  0.258819
 0.200827  0.944818  0.258819
 0.151104  0.954034  0.258819
 0.100967  0.960634  0.258819
 0.050553  0.964602  0.258819
-0.000000  0.965926  0.258819
-0.050553  0.964602  0.258819
-0.100967  0.960634  0.258819
-0.151104  0.954034  0.258819
-0.200827  0.944818  0.258819
-0.250000  0.933013  0.258819
-0.298487  0.918650  0.258819
-0.346157  0.901769  0.258819
-0.392877  0.882417  0.258819
-0.438521  0.860646  0.258819
-0.482963  0.836516  0.258819
-0.526081  0.810094  0.258819
-0.567757  0.781450  0.258819
-0.607877  0.750665  0.258819
-0.646331  0.717823  0.258819
-0.683013  0.683013  0.258819
-0.717823  0.646331  0.258819
-0.750665  0.607877  0.258819
-0.781450  0.567757  0.258819
-0.810094  0.526081  0.258819
-0.836516  0.482963  0.258819
-0.860646  0.438521  0.258819
-0.882417  0.392877  0.258819
-0.901769  0.346157  0.258819
-0.918650  0.298488  0.258819
-0.933013  0.250000  0.258819
-0.944818  0.200827  0.258819
-0.954034  0.151104  0.258819
-0.960634  0.100967  0.258819
-0.964602  0.050553  0.258819
-0.965926 -0.000000  0.258819
-0.964602 -0.050553  0.258819
-0.960634 -0.100967  0.258819
-0.954034 -0.151104  0.258819
-0.944818 -0.200827  0.258819
-0.933013 -0.250000  0.258819
-0.918650 -0.298487  0.258819
-0.901769 -0.346157  0.258819
-0.882417 -0.392877  0.258819
-0.860646 -0.438521  0.258819
-0.836516 -0.482963  0.258819
-0.810094 -0.526081  0.258819
-0.781450 -0.567757  0.258819
-0.750665 -0.607877  0.258819
-0.717823 -0.646331  0.258819
-0.683013 -0.683013  0.258819
-0.646331 -0.717823  0.258819
-0.607877 -0.750665  0.258819
-0.567757 -0.781450  0.258819
-0.526081 -0.810094  0.258819
-0.482963 -0.836516  0.258819
-0.438521 -0.860646  0.258819
-0.392877 -0.882417  0.258819
-0.346157 -0.901770  0.258819
-0.298488 -0.918650  0.258819
-0.250000 -0.933013  0.258819
-0.200827 -0.944818  0.258819
-0.151104 -0.954034  0.258819
-0.100967 -0.960634  0.258819
-0.050553 -0.964602  0.258819
 0.000000 -0.965926  0.258819
 0.050553 -0.964602  0.258819
 0.100967 -0.960634  0.258819
 0.151104 -0.954034  0.258819
 0.200827 -0.944818  0.258819
 0.250000 -0.933013  0.258819
 0.298488 -0.918650  0.258819
 0.346157 -0.901769  0.258819
 0.392877 -0.882417  0.258819
 0.438521 -0.860646  0.258819
 0.482963 -0.836516  0.258819
 0.526081 -0.810093  0.258819
 0.567757 -0.781451  0.258819
 0.607877 -0.750665  0.258819
 0.646331 -0.717823  0.258819
 0.683013 -0.683013  0.258819
 0.717823 -0.646330  0.258819
 0.750665 -0.607877  0.258819
 0.781450 -0.567757  0.258819
 0.810094 -0.526081  0.258819
 0.836516 -0.482963  0.258819
 0.860646 -0.438521  0.258819
 0.882417 -0.392877  0.258819
 0.901769 -0.346157  0.258819
 0.918650 -0.298487  0.258819
 0.933013 -0.250000  0.258819
 0.944818 -0.200827  0.258819
 0.954034 -0.151104  0.258819
 0.960634 -0.100967  0.258819
 0.964602 -0.050553  0.258819
 0.965926  0.000000  0.258819
 0.978148  0.000000  0.207912
 0.976807  0.051192  0.207912
 0.972789  0.102244  0.207912
 0.966105  0.153016  0.207912
 0.956773  0.203368  0.207912
 0.944818  0.253163  0.207912
 0.930274  0.302264  0.207912
 0.913179  0.350537  0.207912
 0.893582  0.397848  0.207912
 0.871536  0.444070  0.207912
 0.847101  0.489074  0.207912
 0.820344  0.532737  0.207912
 0.791338  0.574941  0.207912
 0.760163  0.615568  0.207912
 0.726905  0.654509  0.207912
 0.691655  0.691655  0.207912
 0.654508  0.726905  0.207912
 0.615568  0.760163  0.207912
 0.574941  0.791338  0.207912
 0.532737  0.820344  0.207912
 0.489074  0.847101  0.207912
 0.444070  0.871536  0.207912
 0.397848  0.893582  0.207912
 0.350537  0.913179  0.207912
 0.302264  0.930274  0.207912
 0.253163  0.944818  0.207912
 0.203368  0.956773  0.207912
 0.153016  0.966105  0.207912
 0.102244  0.972789  0.207912
 0.051192  0.976807  0.207912
-0.000000  0.978148  0.207912
-0.051192  0.976807  0.207912
-0.102244  0.972789  0.207912
-0.153016  0.966105  0.207912
-0.203368  0.956773  0.207912
-0.253163  0.944818  0.207912
-0.302264  0.930274  0.207912
-0.350537  0.913180  0.207912
-0.397848  0.893582  0.207912
-0.444070  0.871536  0.207912
-0.489074  0.847101  0.207912
-0.532737  0.820344  0.207912
-0.574941  0.791338  0.207912
-0.615568  0.760164  0.207912
-0.654509  0.726905  0.207912
-0.691655  0.691655  0.207912
-0.726905  0.654509  0.207912
-0.760163  0.615568  0.207912
-0.791338  0.574941  0.207912
-0.820344  0.532737  0.207912
-0.847101  0.489074  0.207912
-0.871536  0.444070  0.207912
-0.893582  0.397848  0.207912
-0.913180  0.350537  0.207912
-0.930274  0.302264  0.207912
-0.944818  0.253163  0.207912
-0.956773  0.203368  0.207912
-0.966105  0.153016  0.207912
-0.972789  0.102244  0.207912
-0.976807  0.051192  0.207912
-0.978148 -0.000000  0.207912
-0.976807 -0.051192  0.207912
-0.972789 -0.102244  0.207912
-0.966105 -0.153016  0.207912
-0.956773 -0.203368  0.207912
-0.944818 -0.253163  0.207912
-0.930274 -0.302264  0.207912
-0.913180 -0.350537  0.207912
-0.893582 -0.397848  0.207912
-0.871536 -0.444070  0.207912
-0.847101 -0.489074  0.207912
-0.820344 -0.532737  0.207912
-0.791338 -0.574941  0.207912
-0.760163 -0.615568  0.207912
-0.726905 -0.654509  0.207912
-0.691655 -0.691655  0.207912
-0.654509 -0.726905  0.207912
-0.615568 -0.760163  0.207912
-0.574941 -0.791338  0.207912
-0.532737 -0.820344  0.207912
-0.489074 -0.847101  0.207912
-0.444070 -0.871536  0.207912
-0.397848 -0.893582  0.207912
-0.350537 -0.913180  0.207912
-0.302264 -0.930274  0.207912
-0.253163 -0.944818  0.207912
-0.203369 -0.956773  0.207912
-0.153016 -0.966105  0.207912
-0.102244 -0.972789  0.207912
-0.051192 -0.976807  0.207912
 0.000000 -0.978148  0.207912
 0.051192 -0.976807  0.207912
 0.102244 -0.972789  0.207912
 0.153016 -0.966105  0.207912
 0.203368 -0.956773  0.207912
 0.253163 -0.944818  0.207912
 0.302264 -0.930274  0.207912
 0.350537 -0.913180  0.207912
 0.397849 -0.893582  0.207912
 0.444069 -0.871536  0.207912
 0.489074 -0.847101  0.207912
 0.532737 -0.820344  0.207912
 0.574941 -0.791338  0.207912
 0.615568 -0.760163  0.207912
 0.654509 -0.726905  0.207912
 0.691655 -0.691655  0.207912
 0.726905 -0.654508  0.207912
 0.760163 -0.615568  0.207912
 0.791338 -0.574941  0.207912
 0.820344 -0.532737  0.207912
 0.847101 -0.489074  0.207912
 0.871536 -0.444070  0.207912
 0.893582 -0.397848  0.207912
 0.913179 -0.350537  0.207912
 0.930274 -0.302264  0.207912
 0.944818 -0.253163  0.207912
 0.956773 -0.203368  0.207912
 0.966105 -0.153016  0.207912
 0.972789 -0.102244  0.207912
 0.976807 -0.051192  0.207912
 0.978148  0.000000  0.207912
 0.987688  0.000000  0.156434
 0.986335  0.051692  0.156434
 0.982278  0.103242  0.156434
 0.975528  0.154509  0.156434
 0.966105  0.205352  0.156434
 0.954034  0.255633  0.156434
 0.939348  0.305212  0.156434
 0.922086  0.353956  0.156434
 0.902298  0.401729  0.156434
 0.880037  0.448401  0.156434
 0.855363  0.493844  0.156434
 0.828345  0.537934  0.156434
 0.799057  0.580549  0.156434
 0.767578  0.621572  0.156434
 0.733995  0.660893  0.156434
 0.698401  0.698401  0.156434
 0.660892  0.733996  0.156434
 0.621572  0.767578  0.156434
 0.580549  0.799057  0.156434
 0.537934  0.828345  0.156434
 0.493844  0.855363  0.156434
 0.448401  0.880037  0.156434
 0.401729  0.902298  0.156434
 0.353956  0.922086  0.156434
 0.305212  0.939348  0.156434
 0.255633  0.954034  0.156434
 0.205352  0.966105  0.156434
 0.154509  0.975528  0.156434
 0.103242  0.982278  0.156434
 0.051692  0.986335  0.156434
-0.000000  0.987688  0.156434
-0.051692  0.986335  0.156434
-0.103242  0.982278  0.156434
-0.154508  0.975528  0.156434
-0.205352  0.966105  0.156434
-0.255633  0.954034  0.156434
-0.305212  0.939348  0.156434
-0.353956  0.922087  0.156434
-0.401729  0.902298  0.156434
-0.448401  0.880037  0.156434
-0.493844  0.855363  0.156434
-0.537934  0.828345  0.156434
-0.580549  0.799057  0.156434
-0.621572  0.767578  0.156434
-0.660893  0.733995  0.156434
-0.698401  0.698401  0.156434
-0.733995  0.660893  0.156434
-0.767578  0.621573  0.156434
-0.799057  0.580549  0.156434
-0.828345  0.537934  0.156434
-0.855363  0.493844  0.156434
-0.880037  0.448401  0.156434
-0.902298  0.401729  0.156434
-0.922087  0.353956  0.156434
-0.939347  0.305213  0.156434
-0.954034  0.255633  0.156434
-0.966105  0.205352  0.156434
-0.975528  0.154508  0.156434
-0.982278  0.103242  0.156434
-0.986335  0.051692  0.156434
-0.987688 -0.000000  0.156434
-0.986335 -0.051692  0.156434
-0.982278 -0.103242  0.156434
-0.975528 -0.154508  0.156434
-0.966105 -0.205352  0.156434
-0.954034 -0.255633  0.156434
-0.939348 -0.305212  0.156434
-0.922087 -0.353956  0.156434
-0.902298 -0.401729  0.156434
-0.880037 -0.448401  0.156434
-0.855363 -0.493844  0.156434
-0.828345 -0.537934  0.156434
-0.799057 -0.580549  0.156434
-0.767578 -0.621572  0.156434
-0.733995 -0.660893  0.156434
-0.698401 -0.698401  0.156434
-0.660893 -0.733995  0.156434
-0.621572 -0.767578  0.156434
-0.580549 -0.799057  0.156434
-0.537934 -0.828345  0.156434
-0.493844 -0.855363  0.156434
-0.448401 -0.880037  0.156434
-0.401729 -0.902298  0.156434
-0.353956 -0.922087  0.156434
-0.305213 -0.939347  0.156434
-0.255632 -0.954034  0.156434
-0.205352 -0.966105  0.156434
-0.154509 -0.975528  0.156434
-0.103241 -0.982278  0.156434
-0.051692 -0.986335  0.156434
 0.000000 -0.987688  0.156434
 0.051692 -0.986335  0.156434
 0.103241 -0.982278  0.156434
 0.154509 -0.975528  0.156434
 0.205352 -0.966105  0.156434
 0.255633 -0.954034  0.156434
 0.305213 -0.939347  0.156434
 0.353956 -0.922087  0.156434
 0.401729 -0.902298  0.156434
 0.448401 -0.880037  0.156434
 0.493844 -0.855363  0.156434
 0.537934 -0.828345  0.156434
 0.580548 -0.799057  0.156434
 0.621572 -0.767578  0.156434
 0.660893 -0.733995  0.156434
 0.698401 -0.698401  0.156434
 0.733996 -0.660892  0.156434
 0.767578 -0.621573  0.156434
 0.799057 -0.580549  0.156434
 0.828345 -0.537934  0.156434
 0.855363 -0.493844  0.156434
 0.880037 -0.448401  0.156434
 0.902298 -0.401729  0.156434
 0.922086 -0.353956  0.156434
 0.939348 -0.305212  0.156434
 0.954034 -0.255633  0.156434
 0.966105 -0.205352  0.156434
 0.975528 -0.154508  0.156434
 0.982278 -0.103242  0.156434
 0.986335 -0.051692  0.156434
 0.987688  0.000000  0.156434
 0.994522  0.000000  0.104528
 0.993159  0.052049  0.104528
 0.989074  0.103956  0.104528
 0.982278  0.155578  0.104528
 0.972789  0.206773  0.104528
 0.960634  0.257401  0.104528
 0.945847  0.307324  0.104528
 0.928466  0.356405  0.104528
 0.908541  0.404509  0.104528
 0.886126  0.451503  0.104528
 0.861281  0.497261  0.104528
 0.834076  0.541655  0.104528
 0.804585  0.584565  0.104528
 0.772889  0.625873  0.104528
 0.739074  0.665465  0.104528
 0.703233  0.703233  0.104528
 0.665465  0.739074  0.104528
 0.625873  0.772889  0.104528
 0.584565  0.804585  0.104528
 0.541655  0.834076  0.104528
 0.497261  0.861281  0.104528
 0.451504  0.886126  0.104528
 0.404508  0.908541  0.104528
 0.356405  0.928466  0.104528
 0.307324  0.945847  0.104528
 0.257401  0.960634  0.104528
 0.206773  0.972789  0.104528
 0.155578  0.982278  0.104528
 0.103956  0.989074  0.104528
 0.052049  0.993159  0.104528
-0.000000  0.994522  0.104528
-0.052049  0.993159  0.104528
-0.103956  0.989074  0.104528
-0.155577  0.982278  0.104528
-0.206773  0.972789  0.104528
-0.257401  0.960634  0.104528
-0.307324  0.945847  0.104528
-0.356405  0.928466  0.104528
-0.404508  0.908541  0.104528
-0.451503  0.886126  0.104528
-0.497261  0.861281  0.104528
-0.541655  0.834076  0.104528
-0.584565  0.804585  0.104528
-0.625873  0.772889  0.104528
-0.665465  0.739074  0.104528
-0.703233  0.703233  0.104528
-0.739074  0.665465  0.104528
-0.772889  0.625873  0.104528
-0.804585  0.584565  0.104528
-0.834076  0.541655  0.104528
-0.861281  0.497261  0.104528
-0.886125  0.451504  0.104528
-0.908541  0.404508  0.104528
-0.928466  0.356405  0.104528
-0.945846  0.307324  0.104528
-0.960634  0.257401  0.104528
-0.972789  0.206773  0.104528
-0.982278  0.155577  0.104528
-0.989074  0.103956  0.104528
-0.993159  0.052049  0.104528
-0.994522 -0.000000  0.104528
-0.993159 -0.052049  0.104528
-0.989074 -0.103956  0.104528
-0.982278 -0.155577  0.104528
-0.972789 -0.206773  0.104528
-0.960634 -0.257401  0.104528
-0.945847 -0.307324  0.104528
-0.928466 -0.356405  0.104528
-0.908541 -0.404508  0.104528
-0.886126 -0.451504  0.104528
-0.861281 -0.497261  0.104528
-0.834076 -0.541655  0.104528
-0.804585 -0.584565  0.104528
-0.772889 -0.625873  0.104528
-0.739074 -0.665465  0.104528
-0.703233 -0.703233  0.104528
-0.665465 -0.739074  0.104528
-0.625873 -0.772889  0.104528
-0.584565 -0.804585  0.104528
-0.541656 -0.834076  0.104528
-0.497261 -0.861281  0.104528
-0.451504 -0.886125  0.104528
-0.404509 -0.908541  0.104528
-0.356405 -0.928466  0.104528
-0.307324 -0.945846  0.104528
-0.257401 -0.960634  0.104528
-0.206773 -0.972789  0.104528
-0.155578 -0.982278  0.104528
-0.103956 -0.989074  0.104528
-0.052049 -0.993159  0.104528
 0.000000 -0.994522  0.104528
 0.052049 -0.993159  0.104528
 0.103956 -0.989074  0.104528
 0.155578 -0.982278  0.104528
 0.206773 -0.972789  0.104528
 0.257401 -0.960634  0.104528
 0.307324 -0.945846  0.104528
 0.356405 -0.928466  0.104528
 0.404509 -0.908541  0.104528
 0.451503 -0.886126  0.104528
 0.497261 -0.861281  0.104528
 0.541656 -0.834076  0.104528
 0.584565 -0.804585  0.104528
 0.625873 -0.772889  0.104528
 0.665465 -0.739074  0.104528
 0.703233 -0.703233  0.104528
 0.739074 -0.665465  0.104528
 0.772889 -0.625873  0.104528
 0.804585 -0.584565  0.104528
 0.834076 -0.541655  0.104528
 0.861281 -0.497261  0.104528
 0.886126 -0.451504  0.104528
 0.908541 -0.404508  0.104528
 0.928466 -0.356405  0.104528
 0.945847 -0.307324  0.104528
 0.960634 -0.257401  0.104528
 0.972789 -0.206773  0.104528
 0.982278 -0.155577  0.104528
 0.989074 -0.103956  0.104528
 0.993159 -0.052049  0.104528
 0.994522  0.000000  0.104528
 0.998630  0.000000  0.052336
 0.997261  0.052264  0.052336
 0.993159  0.104385  0.052336
 0.986335  0.156220  0.052336
 0.976807  0.207627  0.052336
 0.964602  0.258464  0.052336
 0.949753  0.308594  0.052336
 0.932301  0.357877  0.052336
 0.912293  0.406179  0.052336
 0.889785  0.453368  0.052336
 0.864838  0.499315  0.052336
 0.837521  0.543893  0.052336
 0.807908  0.586980  0.052336
 0.776081  0.628458  0.052336
 0.742126  0.668214  0.052336
 0.706138  0.706138  0.052336
 0.668214  0.742126  0.052336
 0.628458  0.776081  0.052336
 0.586980  0.807908  0.052336
 0.543893  0.837521  0.052336
 0.499315  0.864839  0.052336
 0.453368  0.889785  0.052336
 0.406179  0.912293  0.052336
 0.357877  0.932301  0.052336
 0.308593  0.949753  0.052336
 0.258464  0.964602  0.052336
 0.207627  0.976807  0.052336
 0.156220  0.986335  0.052336
 0.104385  0.993159  0.052336
 0.052264  0.997261  0.052336
-0.000000  0.998630  0.052336
-0.052264  0.997261  0.052336
-0.104385  0.993159  0.052336
-0.156220  0.986335  0.052336
-0.207627  0.976807  0.052336
-0.258464  0.964602  0.052336
-0.308593  0.949753  0.052336
-0.357877  0.932301  0.052336
-0.406179  0.912293  0.052336
-0.453368  0.889785  0.052336
-0.499315  0.864838  0.052336
-0.543893  0.837521  0.052336
-0.586980  0.807908  0.052336
-0.628458  0.776081  0.052336
-0.668214  0.742126  0.052336
-0.706138  0.706138  0.052336
-0.742126  0.668214  0.052336
-0.776081  0.628458  0.052336
-0.807908  0.586980  0.052336
-0.837521  0.543893  0.052336
-0.864838  0.499315  0.052336
-0.889785  0.453368  0.052336
-0.912293  0.406179  0.052336
-0.932301  0.357877  0.052336
-0.949753  0.308594  0.052336
-0.964602  0.258464  0.052336
-0.976807  0.207627  0.052336
-0.986335  0.156220  0.052336
-0.993159  0.104385  0.052336
-0.997261  0.052264  0.052336
-0.998630 -0.000000  0.052336
-0.997261 -0.052264  0.052336
-0.993159 -0.104385  0.052336
-0.986335 -0.156220  0.052336
-0.976807 -0.207627  0.052336
-0.964602 -0.258464  0.052336
-0.949753 -0.308593  0.052336
-0.932301 -0.357877  0.052336
-0.912293 -0.406179  0.052336
-0.889785 -0.453368  0.052336
-0.864838 -0.499315  0.052336
-0.837521 -0.543893  0.052336
-0.807908 -0.586980  0.052336
-0.776081 -0.628458  0.052336
-0.742126 -0.668214  0.052336
-0.706138 -0.706138  0.052336
-0.668214 -0.742126  0.052336
-0.628458 -0.776081  0.052336
-0.586980 -0.807908  0.052336
-0.543893 -0.837521  0.052336
-0.499315 -0.864839  0.052336
-0.453368 -0.889785  0.052336
-0.406179 -0.912293  0.052336
-0.357877 -0.932301  0.052336
-0.308594 -0.949753  0.052336
-0.258464 -0.964602  0.052336
-0.207627 -0.976807  0.052336
-0.156220 -0.986335  0.052336
-0.104385 -0.993159  0.052336
-0.052264 -0.997261  0.052336
 0.000000 -0.998630  0.052336
 0.052264 -0.997261  0.052336
 0.104385 -0.993159  0.052336
 0.156220 -0.986335  0.052336
 0.207627 -0.976807  0.052336
 0.258464 -0.964602  0.052336
 0.308594 -0.949753  0.052336
 0.357877 -0.932301  0.052336
 0.406179 -0.912293  0.052336
 0.453368 -0.889786  0.052336
 0.499315 -0.864839  0.052336
 0.543893 -0.837521  0.052336
 0.586980 -0.807908  0.052336
 0.628458 -0.776081  0.052336
 0.668214 -0.742126  0.052336
 0.706138 -0.706138  0.052336
 0.742126 -0.668214  0.052336
 0.776081 -0.628458  0.052336
 0.807908 -0.586980  0.052336
 0.837521 -0.543893  0.052336
 0.864838 -0.499315  0.052336
 0.889785 -0.453368  0.052336
 0.912294 -0.406179  0.052336
 0.932301 -0.357877  0.052336
 0.949753 -0.308593  0.052336
 0.964602 -0.258465  0.052336
 0.976807 -0.207627  0.052336
 0.986335 -0.156220  0.052336
 0.993159 -0.104385  0.052336
 0.997261 -0.052264  0.052336
 0.998630  0.000000  0.052336
 1.000000  0.000000 -0.000000
 0.998630  0.052336 -0.000000
 0.994522  0.104528 -0.000000
 0.987688  0.156434 -0.000000
 0.978148  0.207912 -0.000000
 0.965926  0.258819 -0.000000
 0.951057  0.309017 -0.000000
 0.933580  0.358368 -0.000000
 0.913545  0.406737 -0.000000
 0.891007  0.453990 -0.000000
 0.866025  0.500000 -0.000000
 0.838671  0.544639 -0.000000
 0.809017  0.587785 -0.000000
 0.777146  0.629320 -0.000000
 0.743145  0.669131 -0.000000
 0.707107  0.707107 -0.000000
 0.669131  0.743145 -0.000000
 0.629320  0.777146 -0.000000
 0.587785  0.809017 -0.000000
 0.544639  0.838671 -0.000000
 0.500000  0.866025 -0.000000
 0.453991  0.891007 -0.000000
 0.406737  0.913545 -0.000000
 0.358368  0.933580 -0.000000
 0.309017  0.951057 -0.000000
 0.258819  0.965926 -0.000000
 0.207912  0.978148 -0.000000
 0.156434  0.987688 -0.000000
 0.104528  0.994522 -0.000000
 0.052336  0.998630 -0.000000
-0.000000  1.000000 -0.000000
-0.052336  0.998630 -0.000000
-0.104529  0.994522 -0.000000
-0.156434  0.987688 -0.000000
-0.207912  0.978148 -0.000000
-0.258819  0.965926 -0.000000
-0.309017  0.951057 -0.000000
-0.358368  0.933580 -0.000000
-0.406737  0.913545 -0.000000
-0.453990  0.891007 -0.000000
-0.500000  0.866025 -0.000000
-0.544639  0.838671 -0.000000
-0.587785  0.809017 -0.000000
-0.629320  0.777146 -0.000000
-0.669131  0.743145 -0.000000
-0.707107  0.707107 -0.000000
-0.743145  0.669131 -0.000000
-0.777146  0.629321 -0.000000
-0.809017  0.587785 -0.000000
-0.838671  0.544639 -0.000000
-0.866025  0.500000 -0.000000
-0.891006  0.453991 -0.000000
-0.913545  0.406737 -0.000000
-0.933580  0.358368 -0.000000
-0.951056  0.309017 -0.000000
-0.965926  0.258819 -0.000000
-0.978148  0.207912 -0.000000
-0.987688  0.156434 -0.000000
-0.994522  0.104528 -0.000000
-0.998630  0.052336 -0.000000
-1.000000 -0.000000 -0.000000
-0.998630 -0.052336 -0.000000
-0.994522 -0.104528 -0.000000
-0.987688 -0.156434 -0.000000
-0.978148 -0.207912 -0.000000
-0.965926 -0.258819 -0.000000
-0.951057 -0.309017 -0.000000
-0.933580 -0.358368 -0.000000
-0.913545 -0.406737 -0.000000
-0.891007 -0.453991 -0.000000
-0.866025 -0.500000 -0.000000
-0.838671 -0.544639 -0.000000
-0.809017 -0.587785 -0.000000
-0.777146 -0.629320 -0.000000
-0.743145 -0.669131 -0.000000
-0.707107 -0.707107 -0.000000
-0.669131 -0.743145 -0.000000
-0.629320 -0.777146 -0.000000
-0.587785 -0.809017 -0.000000
-0.544639 -0.838671 -0.000000
-0.500000 -0.866025 -0.000000
-0.453991 -0.891006 -0.000000
-0.406737 -0.913545 -0.000000
-0.358368 -0.933581 -0.000000
-0.309017 -0.951056 -0.000000
-0.258819 -0.965926 -0.000000
-0.207912 -0.978148 -0.000000
-0.156435 -0.987688 -0.000000
-0.104528 -0.994522 -0.000000
-0.052336 -0.998630 -0.000000
 0.000000 -1.000000 -0.000000
 0.052336 -0.998630 -0.000000
 0.104528 -0.994522 -0.000000
 0.156435 -0.987688 -0.000000
 0.207911 -0.978148 -0.000000
 0.258819 -0.965926 -0.000000
 0.309017 -0.951056 -0.000000
 0.358368 -0.933580 -0.000000
 0.406737 -0.913545 -0.000000
 0.453990 -0.891007 -0.000000
 0.500000 -0.866025 -0.000000
 0.544639 -0.838670 -0.000000
 0.587785 -0.809017 -0.000000
 0.629320 -0.777146 -0.000000
 0.669131 -0.743145 -0.000000
 0.707107 -0.707107 -0.000000
 0.743145 -0.669131 -0.000000
 0.777146 -0.629321 -0.000000
 0.809017 -0.587785 -0.000000
 0.838671 -0.544639 -0.000000
 0.866025 -0.500000 -0.000000
 0.891007 -0.453991 -0.000000
 0.913546 -0.406736 -0.000000
 0.933580 -0.358368 -0.000000
 0.951057 -0.309017 -0.000000
 0.965926 -0.258819 -0.000000
 0.978148 -0.207912 -0.000000
 0.987688 -0.156434 -0.000000
 0.994522 -0.104529 -0.000000
 0.998630 -0.052336 -0.000000
 1.000000  0.000000 -0.000000
