10
1.0      1.0      1.0     15.18     1.0   -7.0   6.0
1.0      1.0      1.0	  17.90     1.0   -6.0   5.0
1.0      1.0      1.0     21.78     1.0   -5.0   4.0
1.0      1.0      1.0     27.79     1.0   -4.0   3.0
1.0      1.0      1.0     32.20     2.0   -7.0   5.0
1.0      1.0      1.0     38.21     1.0   -3.0   2.0
1.0      1.0      1.0     43.57     3.0   -8.0   5.0
1.0      1.0      1.0     46.83     2.0   -5.0   3.0
1.0      1.0      1.0     50.57     3.0   -7.0   4.0
1.0      1.0      1.0     60.00     1.0   -2.0   1.0   







1.0      1.0      1.0     15.18     (sigma 43a) (1-76)||(16-7)  0.09
1.0      1.0      1.0	  17.90     (sigma 31a) (1-65)||(15-6)  0.0751.0      1.0      1.0     21.78     (sigma 21a) (1-54)||(14-5)  0.0951.0      1.0      1.0     27.79     (sigma 13b) (1-43)||(13-4)  0.1
1.0      1.0      1.0     32.20     (sigma 39a) (2-75)||(25-7)  0.121.0      1.0      1.0     38.21     (sigma 7)   (1-32)||(12-3)  0.09
1.0      1.0      1.0     43.57     (sigma 49a) (3-85)||(35-8)
1.0      1.0      1.0     46.83     (sigma 19b) (2-53)||(23-5)  0.11
1.0      1.0      1.0     50.57     (sigma 37c) (3-74)||(34-7)
1.0      1.0      1.0     60.00     (sigma 3)   (1-21)||(11-2)
