20
1.0      1.0      0.0     20.05     1.0   -1.0    8.0
1.0      1.0      0.0     26.53     1.0   -1.0    6.0
1.0      1.0      0.0     31.59     1.0   -1.0    5.0
1.0      1.0      0.0     38.94     1.0   -1.0    4.0
1.0      1.0      0.0     50.47     1.0   -1.0    3.0
1.0      1.0      0.0     55.88     3.0   -3.0    8.0
1.0      1.0      0.0     58.99     2.0   -2.0    5.0
1.0      1.0      0.0     70.53     1.0   -1.0    2.0
1.0      1.0      0.0     80.63     3.0   -3.0    5.0
1.0      1.0      0.0     86.63     2.0   -2.0    3.0
1.0      1.0      0.0     86.63    -3.0    3.0    4.0
1.0      1.0      0.0     80.63    -5.0    5.0    6.0
1.0      1.0      0.0     70.53    -1.0    1.0    1.0
1.0      1.0      0.0     58.99    -5.0    5.0    4.0
1.0      1.0      0.0     55.88    -4.0    4.0    3.0
1.0      1.0      0.0     50.47    -3.0    3.0    2.0
1.0      1.0      0.0     38.94    -2.0    2.0    1.0
1.0      1.0      0.0     31.59    -5.0    5.0    2.0
1.0      1.0      0.0     26.53    -3.0    3.0    1.0   
1.0      1.0      0.0     20.05    -4.0    4.0    1.0














1.0      1.0      0.0     20.05     (sigma 33a) (1-18)||(1-1-8)  (-441)||(4-41)
1.0      1.0      0.0     26.53     (sigma 19a) (1-16)||(1-1-6)  (-331)||(3-31)
1.0      1.0      0.0     31.59     (sigma 27a) (1-15)||(1-1-5)  (-552)||(5-52)
1.0      1.0      0.0     38.94     (sigma 9)   (1-14)||(1-1-4)  (-221)||(2-21)1.0      1.0      0.0     50.47     (sigma 11)  (1-13)||(1-1-3)  (-332)||(3-22)
1.0      1.0      0.0     55.88     (sigma 41c) (3-38)||(3-3-8)  (-443)||(4-43)
1.0      1.0      0.0     58.99     (sigma 33c) (2-25)||(2-2-5)  (-554)||(5-54)
1.0      1.0      0.0     70.53     (sigma 3)   (1-12)||(1-1-2)  (-111)||(1-11)
1.0      1.0      0.0     80.63     (sigma 43-) (3-35)||(3-3-5)  (-556)||(5-56)
1.0      1.0      0.0     86.63     (sigma 17b) (2-23)||(2-2-3)  (-334)||(3-34)

