58             
   0.707   0.707   0.000      9   0.705  -0.705  -0.078
   0.707   0.707   0.000     12   0.703  -0.703  -0.105
   0.707   0.707   0.000     15   0.701  -0.701  -0.131
   0.707   0.707   0.000     18   0.698  -0.698  -0.156
   0.707   0.707   0.000     21   0.695  -0.695  -0.182
   0.707   0.707   0.000     24   0.692  -0.692  -0.208
   0.707   0.707   0.000     27   0.687  -0.687  -0.233
   0.707   0.707   0.000     30   0.683  -0.683  -0.259
   0.707   0.707   0.000     33   0.678  -0.678  -0.284
   0.707   0.707   0.000     36   0.672  -0.672  -0.309
   0.707   0.707   0.000     39   0.666  -0.666  -0.334
   0.707   0.707   0.000     42   0.660  -0.660  -0.358
   0.707   0.707   0.000     45   0.653  -0.653  -0.383
   0.707   0.707   0.000     48   0.646  -0.646  -0.407
   0.707   0.707   0.000     51   0.638  -0.638  -0.430
   0.707   0.707   0.000     54   0.630  -0.630  -0.454
   0.707   0.707   0.000     57   0.621  -0.621  -0.477
   0.707   0.707   0.000     60   0.612  -0.612  -0.500
   0.707   0.707   0.000     63   0.603  -0.603  -0.522
   0.707   0.707   0.000     66   0.593  -0.593  -0.545
   0.707   0.707   0.000     69   0.583  -0.583  -0.566
   0.707   0.707   0.000     72   0.572  -0.572  -0.588
   0.707   0.707   0.000     75   0.561  -0.561  -0.609
   0.707   0.707   0.000     78   0.549  -0.549  -0.629
   0.707   0.707   0.000     81   0.538  -0.538  -0.649
   0.707   0.707   0.000     84   0.525  -0.525  -0.669
   0.707   0.707   0.000     87   0.513  -0.513  -0.688
   0.707   0.707   0.000     90   0.500  -0.500  -0.707
   0.707   0.707   0.000     93   0.487  -0.487  -0.725
   0.707   0.707   0.000     96   0.473  -0.473  -0.743
   0.707   0.707   0.000     99   0.459  -0.459  -0.760
   0.707   0.707   0.000    102   0.445  -0.445  -0.777
   0.707   0.707   0.000    105   0.430  -0.430  -0.793
   0.707   0.707   0.000    108   0.416  -0.416  -0.809
   0.707   0.707   0.000    111   0.400  -0.400  -0.824
   0.707   0.707   0.000    114   0.385  -0.385  -0.839
   0.707   0.707   0.000    117   0.369  -0.369  -0.853
   0.707   0.707   0.000    120   0.354  -0.354  -0.866
   0.707   0.707   0.000    123   0.337  -0.337  -0.879
   0.707   0.707   0.000    126   0.321  -0.321  -0.891
   0.707   0.707   0.000    129   0.304  -0.304  -0.902
   0.707   0.707   0.000    132   0.288  -0.288  -0.913
   0.707   0.707   0.000    135   0.271  -0.271  -0.924
   0.707   0.707   0.000    138   0.253  -0.253  -0.933
   0.707   0.707   0.000    141   0.236  -0.236  -0.942
   0.707   0.707   0.000    144   0.218  -0.218  -0.951
   0.707   0.707   0.000    147   0.201  -0.201  -0.959
   0.707   0.707   0.000    150   0.183  -0.183  -0.966
   0.707   0.707   0.000    153   0.165  -0.165  -0.972
   0.707   0.707   0.000    156   0.147  -0.147  -0.978
   0.707   0.707   0.000    159   0.129  -0.129  -0.983
   0.707   0.707   0.000    162   0.111  -0.111  -0.988
   0.707   0.707   0.000    165   0.092  -0.092  -0.991
   0.707   0.707   0.000    168   0.074  -0.074  -0.994
   0.707   0.707   0.000    171   0.055  -0.055  -0.997
   0.707   0.707   0.000    174   0.037  -0.037  -0.998
   0.707   0.707   0.000    177   0.019  -0.019  -1.000
   0.707   0.707   0.000    180  -0.000   0.000  -1.000




6
   0.707   0.707   0.000     39   0.666  -0.666  -0.334
   0.707   0.707   0.000     51   0.638  -0.638  -0.430
   0.707   0.707   0.000     70.5   0.577  -0.577  -0.577
   0.707   0.707   0.000    108   0.416  -0.416  -0.809
   0.707   0.707   0.000    129   0.304  -0.304  -0.902
   0.707   0.707   0.000    141   0.236  -0.236  -0.942


