11
1.0   1.0   1.0   10.0   1.0   1.0   1.0
1.0   1.0   1.0   15.0   1.0   1.0   1.0
1.0   1.0   1.0   20.0   1.0   1.0   1.0
1.0   1.0   1.0   25.0   1.0   1.0   1.0
1.0   1.0   1.0   30.0   1.0   1.0   1.0
1.0   1.0   1.0   35.0   1.0   1.0   1.0
1.0   1.0   1.0   40.0   1.0   1.0   1.0
1.0   1.0   1.0   45.0   1.0   1.0   1.0
1.0   1.0   1.0   50.0   1.0   1.0   1.0
1.0   1.0   1.0   55.0   1.0   1.0   1.0
1.0   1.0   1.0   60.0   1.0   1.0   1.0







20
1.0   1.0   1.0    3.0   1.0   1.0   1.0
1.0   1.0   1.0    6.0   1.0   1.0   1.0
1.0   1.0   1.0    9.0   1.0   1.0   1.0
1.0   1.0   1.0   12.0   1.0   1.0   1.0
1.0   1.0   1.0   15.0   1.0   1.0   1.0
1.0   1.0   1.0   18.0   1.0   1.0   1.0
1.0   1.0   1.0   21.0   1.0   1.0   1.0
1.0   1.0   1.0   24.0   1.0   1.0   1.0
1.0   1.0   1.0   27.0   1.0   1.0   1.0
1.0   1.0   1.0   30.0   1.0   1.0   1.0
1.0   1.0   1.0   33.0   1.0   1.0   1.0
1.0   1.0   1.0   36.0   1.0   1.0   1.0
1.0   1.0   1.0   39.0   1.0   1.0   1.0
1.0   1.0   1.0   42.0   1.0   1.0   1.0
1.0   1.0   1.0   45.0   1.0   1.0   1.0
1.0   1.0   1.0   48.0   1.0   1.0   1.0
1.0   1.0   1.0   51.0   1.0   1.0   1.0
1.0   1.0   1.0   54.0   1.0   1.0   1.0
1.0   1.0   1.0   57.0   1.0   1.0   1.0
1.0   1.0   1.0   60.0   1.0   1.0   1.0






21
1.0   0.0   0.0    5.0   1.0   0.0   0.0
1.0   0.0   0.0    7.0   1.0   0.0   0.0
1.0   0.0   0.0    9.0   1.0   0.0   0.0
1.0   0.0   0.0   11.0   1.0   0.0   0.0
1.0   0.0   0.0   13.0   1.0   0.0   0.0
1.0   0.0   0.0   15.0   1.0   0.0   0.0
1.0   0.0   0.0   17.0   1.0   0.0   0.0
1.0   0.0   0.0   19.0   1.0   0.0   0.0
1.0   0.0   0.0   21.0   1.0   0.0   0.0
1.0   0.0   0.0   23.0   1.0   0.0   0.0
1.0   0.0   0.0   25.0   1.0   0.0   0.0
1.0   0.0   0.0   27.0   1.0   0.0   0.0
1.0   0.0   0.0   29.0   1.0   0.0   0.0
1.0   0.0   0.0   31.0   1.0   0.0   0.0
1.0   0.0   0.0   33.0   1.0   0.0   0.0
1.0   0.0   0.0   35.0   1.0   0.0   0.0
1.0   0.0   0.0   37.0   1.0   0.0   0.0
1.0   0.0   0.0   39.0   1.0   0.0   0.0
1.0   0.0   0.0   41.0   1.0   0.0   0.0
1.0   0.0   0.0   43.0   1.0   0.0   0.0
1.0   0.0   0.0   45.0   1.0   0.0   0.0
