14
1.0      0.0      0.0     12.68     0.0   -1.0   9.0    
1.0      0.0      0.0     16.26     0.0   -1.0   7.0   
1.0      0.0      0.0     18.92     0.0   -1.0   6.0  
1.0      0.0      0.0     22.62     0.0   -1.0   5.0   
1.0      0.0      0.0     28.07     0.0   -1.0   4.0  
1.0      0.0      0.0     36.86     0.0   -1.0   3.0   
1.0      0.0      0.0     43.60     0.0   -2.0   5.0      
1.0      0.0      0.0     43.60     0.0   -7.0   3.0
1.0      0.0      0.0     36.86     0.0   -2.0   1.0
1.0      0.0      0.0     28.07     0.0   -5.0   3.0
1.0      0.0      0.0     22.62     0.0   -3.0   2.0
1.0      0.0      0.0     18.92     0.0   -7.0   5.0 
1.0      0.0      0.0     16.26     0.0   -4.0   3.0
1.0      0.0      0.0     12.68     0.0   -5.0   4.0



