# segment file written by condition_segs: version 05/07/22
# some SrTiO3 data from http://mimp.materials.cmu.edu/~gr20/Grain_Boundary_Data_Archive/SrTiO3_1/SrT
# comment: Some SrTiO3 data from the Grain_Boundary_Data_Archive                                               
#   phi1     PHI      phi2     phi1     PHI      phi2        x1         y1         x2         y2 
    1.849    0.765    4.680    2.445    0.531    4.630      0.000      1.390      1.050      1.470
    2.445    0.531    4.630    0.518    0.495    5.882      0.000      2.420      0.900      1.910
    0.518    0.495    5.882    1.725    0.682    5.244      0.000      3.460      1.650      3.200
    1.725    0.682    5.244    3.117    0.262    3.315      0.000      5.020      1.950      6.150
    3.117    0.262    3.315    0.632    0.886    5.653      0.000      7.620      0.900      7.620
    3.783    0.572    2.987    0.632    0.886    5.653      0.000      9.530      1.350      9.440
    2.322    1.003    3.981    4.445    0.724    2.294      0.000     16.800      1.950     16.710
    0.019    0.520    6.002    2.322    1.003    3.981      0.000     20.960      0.900     20.960
    3.526    0.396    2.954    0.019    0.520    6.002      0.000     22.000      1.050     21.390
    1.927    0.767    4.153    3.526    0.396    2.954      0.000     24.600      0.900     24.600
    1.965    0.514    3.554    1.859    0.473    4.655      0.000     32.560      0.600     32.560
    3.430    0.569    2.314    1.859    0.473    4.655      0.000     34.990      0.750     35.250
    1.663    0.416    4.049    3.430    0.569    2.314      0.000     38.110      0.600     38.110
    6.073    0.750    6.042    1.663    0.416    4.049      0.000     39.660      0.450     39.580
    1.836    0.975    3.987    6.073    0.750    6.042      0.000     41.220      0.900     40.180
    1.088    0.131    5.033    1.836    0.975    3.987      0.000     42.780      0.300     42.950
    3.783    0.572    2.987    0.667    0.546    5.190      0.150     14.640      2.250     13.080
    0.667    0.546    5.190    4.445    0.724    2.294      0.300     14.900      1.500     14.900
    1.663    0.416    4.049    1.051    0.546    5.960      0.450     39.580      0.600     38.110
    1.051    0.546    5.960    6.073    0.750    6.042      0.450     39.580      0.900     40.180
    2.422    0.905    4.285    1.927    0.767    4.153      0.600     26.670      0.900     24.600
    1.965    0.514    3.554    5.176    0.872    1.070      0.600     29.270      1.500     28.410
    1.965    0.514    3.554    3.310    0.316    2.966      0.600     32.560      0.900     31.350
    1.965    0.514    3.554    3.310    0.316    2.966      0.900     31.350      1.650     31.780
    3.310    0.316    2.966    1.859    0.473    4.655      0.600     32.560      1.350     32.650
    1.051    0.546    5.960    3.430    0.569    2.314      0.600     38.110      1.500     36.550
    3.430    0.569    2.314    3.863    0.797    2.695      0.750     35.250      1.500     36.550
    3.863    0.797    2.695    1.859    0.473    4.655      0.750     35.250      1.650     34.900
    2.445    0.531    4.630    0.802    0.312    6.116      0.900      1.910      1.050      1.470
    0.802    0.312    6.116    0.518    0.495    5.882      0.900      1.910      2.250      2.170
    3.117    0.262    3.315    5.052    0.687    1.733      0.900      7.620      1.950      6.150
    5.052    0.687    1.733    0.632    0.886    5.653      0.900      7.620      1.050      7.710
    0.019    0.520    6.002    4.879    0.405    0.957      0.900     20.960      1.050     21.390
    4.879    0.405    0.957    2.322    1.003    3.981      0.900     20.960      2.100     19.570
    2.422    0.905    4.285    3.526    0.396    2.954      0.900     24.600      1.650     23.990
    5.176    0.872    1.070    1.396    0.600    5.542      0.900     27.710      1.350     27.970
    1.836    0.975    3.987    1.051    0.546    5.960      0.900     40.180      1.950     40.440
    0.802    0.312    6.116    1.849    0.765    4.680      1.050      1.470      1.500      0.170
    0.632    0.886    5.653    1.324    0.599    5.497      1.050      7.710      1.350      9.440
    1.324    0.599    5.497    5.052    0.687    1.733      1.050      7.710      2.400      7.970
    1.324    0.599    5.497    5.052    0.687    1.733      2.400      7.970      2.550      9.270
    4.879    0.405    0.957    3.526    0.396    2.954      1.050     21.390      1.500     21.480
    1.396    0.600    5.542    2.422    0.905    4.285      1.050     27.630      1.350     27.630
    1.324    0.599    5.497    3.783    0.572    2.987      1.350      9.440      1.950      9.790
    2.422    0.905    4.285    2.661    0.480    4.283      1.350     27.630      3.300     25.810
    2.661    0.480    4.283    1.396    0.600    5.542      1.350     27.630      1.350     27.970
    5.176    0.872    1.070    2.661    0.480    4.283      1.350     27.970      1.500     28.410
    1.859    0.473    4.655    4.726    0.754    1.393      1.350     32.650      1.650     34.900
    4.726    0.754    1.393    3.310    0.316    2.966      1.350     32.650      1.650     31.780
    0.667    0.546    5.190    3.391    0.660    2.812      1.500     14.900      1.500     13.680
    0.667    0.546    5.190    3.391    0.660    2.812      1.500     13.680      2.700     13.340
    3.391    0.660    2.812    4.445    0.724    2.294      1.500     14.900      1.650     15.160
    3.526    0.396    2.954    3.034    0.532    3.587      1.500     21.480      2.100     22.000
    3.034    0.532    3.587    4.879    0.405    0.957      1.500     21.480      2.550     20.870
    2.661    0.480    4.283    1.965    0.514    3.554      1.500     28.410      2.850     29.010
    1.051    0.546    5.960    3.863    0.797    2.695      1.500     36.550      2.400     35.160
    3.391    0.660    2.812    4.959    0.616    1.007      1.650     15.160      3.150     14.640
    4.959    0.616    1.007    4.445    0.724    2.294      1.650     15.160      1.950     16.710
    3.526    0.396    2.954    0.020    0.509    5.487      1.650     23.990      2.100     22.000
    0.020    0.509    5.487    2.422    0.905    4.285      1.650     23.990      3.300     25.810
    1.965    0.514    3.554    4.726    0.754    1.393      1.650     31.780      2.400     31.350
    4.726    0.754    1.393    3.863    0.797    2.695      1.650     34.900      2.400     35.160
    5.052    0.687    1.733    1.725    0.682    5.244      1.950      6.150      3.600      7.450
    3.783    0.572    2.987    1.270    0.599    4.735      1.950      9.790      2.400     10.050
    1.270    0.599    4.735    1.324    0.599    5.497      1.950      9.790      2.400      9.700
    4.959    0.616    1.007    2.322    1.003    3.981      1.950     16.710      2.400     16.970
    1.965    0.514    3.554    3.841    0.429    2.867      1.950     30.220      2.850     29.010
    3.841    0.429    2.867    6.042    0.994    0.214      1.950     30.220      2.250     31.260
    6.042    0.994    0.214    1.965    0.514    3.554      1.950     30.220      2.250     31.260
    2.322    1.003    3.981    0.882    0.903    5.851      2.100     19.570      2.400     16.970
    0.882    0.903    5.851    4.879    0.405    0.957      2.100     19.570      2.550     19.660
    0.020    0.509    5.487    3.034    0.532    3.587      2.100     22.000      3.300     21.650
    0.802    0.312    6.116    4.618    0.777    2.244      2.250      2.170      3.600      0.690
    4.618    0.777    2.244    0.518    0.495    5.882      2.250      2.170      2.400      2.420
    1.725    0.682    5.244    0.518    0.495    5.882      2.250      2.510      2.400      2.420
    3.339    0.349    3.164    3.783    0.572    2.987      2.250     11.860      2.400     10.050
    3.783    0.572    2.987    1.283    0.747    4.736      2.250     11.860      2.250     13.080
    1.283    0.747    4.736    3.339    0.349    3.164      2.250     11.860      3.450     11.340
    1.283    0.747    4.736    0.667    0.546    5.190      2.250     13.080      2.700     13.160
    3.841    0.429    2.867    1.965    0.514    3.554      2.250     31.260      2.400     31.350
    4.310    0.702    1.784    1.051    0.546    5.960      2.250     40.440      3.600     39.140
    4.310    0.702    1.784    1.836    0.975    3.987      2.250     40.620      2.400     40.880
    4.618    0.777    2.244    1.725    0.682    5.244      2.400      2.420      4.200      3.810
    3.339    0.349    3.164    1.270    0.599    4.735      2.400     10.050      2.700     10.050
    4.959    0.616    1.007    0.882    0.903    5.851      2.400     16.970      4.050     16.190
    4.726    0.754    1.393    3.841    0.429    2.867      2.400     31.350      4.050     31.610
    4.726    0.754    1.393    1.051    0.546    5.960      2.400     35.160      4.350     34.900
    1.836    0.975    3.987    1.077    0.320    5.668      2.400     42.950      2.850     42.000
    4.879    0.405    0.957    4.453    0.414    2.531      2.550     19.660      2.550     20.870
    4.453    0.414    2.531    0.882    0.903    5.851      2.550     19.660      4.950     18.620
    4.453    0.414    2.531    3.034    0.532    3.587      2.550     20.870      3.300     21.650
    5.052    0.687    1.733    5.274    0.906    0.532      2.700      9.180      3.300      9.180
    1.270    0.599    4.735    3.734    0.901    2.497      2.700      9.700      2.850      9.790
    3.339    0.349    3.164    6.281    0.485    6.115      2.700     10.050      3.150     10.310
    1.270    0.599    4.735    6.281    0.485    6.115      2.700     10.050      2.850      9.960
    0.667    0.546    5.190    4.283    0.722    2.582      2.700     13.160      2.700     13.340
    4.283    0.722    2.582    1.283    0.747    4.736      2.700     13.160      4.350     13.080
    4.283    0.722    2.582    3.391    0.660    2.812      2.700     13.340      3.150     14.640
    0.924    0.945    5.807    4.310    0.702    1.784      2.700     41.220      3.750     40.440
    0.924    0.945    5.807    1.836    0.975    3.987      2.700     41.400      2.850     42.000
    3.841    0.429    2.867    2.661    0.480    4.283      2.850     29.010      4.350     28.670
    1.077    0.320    5.668    0.924    0.945    5.807      2.850     42.000      4.350     42.000
    4.966    0.438    1.964    5.274    0.906    0.532      3.150      9.270      3.300      9.180
    4.966    0.438    1.964    3.734    0.901    2.497      3.150      9.440      3.300      9.530
    4.283    0.722    2.582    4.959    0.616    1.007      3.150     14.640      3.750     14.980
    5.052    0.687    1.733    4.966    0.438    1.964      3.300      9.180      3.600      9.180
    4.453    0.414    2.531    0.020    0.509    5.487      3.300     21.650      4.650     21.390
    0.020    0.509    5.487    2.661    0.480    4.283      3.300     25.810      4.050     26.410
    3.579    0.371    2.603    0.802    0.312    6.116      3.600      0.170      3.150      0.090
    0.802    0.312    6.116    5.512    0.359    0.970      3.600      0.170      3.600      0.690
    5.512    0.359    0.970    3.579    0.371    2.603      3.600      0.170      3.750      0.090
    4.618    0.777    2.244    5.512    0.359    0.970      3.600      0.690      5.550      1.470
    5.052    0.687    1.733    0.888    0.832    4.980      3.600      7.450      3.600      7.970
    0.888    0.832    4.980    1.725    0.682    5.244      3.600      7.450      5.100      6.060
    2.091    0.409    3.836    5.052    0.687    1.733      3.600      7.970      3.600      9.180
    2.091    0.409    3.836    0.888    0.832    4.980      3.600      7.970      5.250      7.710
    2.091    0.409    3.836    4.966    0.438    1.964      3.600      9.180      3.750      9.440
    4.966    0.438    1.964    1.975    0.844    3.831      3.600      9.530      3.750      9.440
    3.339    0.349    3.164    0.554    0.532    6.226      3.600     10.570      3.600     10.740
    3.339    0.349    3.164    0.311    0.700    5.529      3.600     11.090      3.600     11.260
    4.310    0.702    1.784    1.949    0.823    3.702      3.600     39.140      3.750     40.440
    1.949    0.823    3.702    1.051    0.546    5.960      3.600     39.140      4.350     38.540
    2.091    0.409    3.836    1.975    0.844    3.831      3.750      9.440      4.200      9.700
    0.554    0.532    6.226    0.311    0.700    5.529      3.750     11.000      4.050     10.480
    4.959    0.616    1.007    4.975    0.599    1.119      3.750     14.980      4.050     16.190
    4.975    0.599    1.119    4.283    0.722    2.582      3.750     14.980      4.800     14.720
    0.924    0.945    5.807    1.949    0.823    3.702      3.750     40.440      4.950     41.140
    0.311    0.700    5.529    6.156    0.085    5.827      4.050     10.310      4.200     10.050
    1.283    0.747    4.736    0.311    0.700    5.529      4.050     11.860      4.350     13.080
    4.975    0.599    1.119    0.882    0.903    5.851      4.050     16.190      5.250     16.020
    2.661    0.480    4.283    5.994    0.561    0.364      4.050     26.410      4.350     28.670
    5.994    0.561    0.364    0.020    0.509    5.487      4.050     26.410      5.850     22.950
    4.726    0.754    1.393    5.984    1.183    6.202      4.050     31.610      4.350     34.900
    5.984    1.183    6.202    3.841    0.429    2.867      4.050     31.610      5.250     30.740
    1.725    0.682    5.244    3.229    0.185    3.384      4.200      3.810      5.100      6.060
    3.229    0.185    3.384    4.618    0.777    2.244      4.200      3.810      5.550      1.470
    0.311    0.700    5.529    2.091    0.409    3.836      4.350      9.790      4.800      9.700
    0.311    0.700    5.529    4.283    0.722    2.582      4.350     13.080      4.800     13.340
    5.994    0.561    0.364    3.841    0.429    2.867      4.350     28.670      5.250     30.740
    5.984    1.183    6.202    1.051    0.546    5.960      4.350     34.900      4.950     34.900
    1.051    0.546    5.960    1.422    0.615    5.544      4.350     38.540      5.100     35.680
    1.422    0.615    5.544    1.949    0.823    3.702      4.350     38.540      4.800     38.620
    0.645    0.367    6.066    1.077    0.320    5.668      4.350     42.180      4.650     42.520
    4.453    0.414    2.531    3.663    0.838    2.029      4.650     21.390      5.700     20.090
    3.663    0.838    2.029    0.020    0.509    5.487      4.650     21.390      5.850     22.950
    2.689    0.918    3.974    0.924    0.945    5.807      4.650     42.000      4.800     41.920
    2.689    0.918    3.974    0.645    0.367    6.066      4.650     42.180      4.800     42.440
    2.091    0.409    3.836    4.031    0.883    2.052      4.800      9.700      5.250      8.230
    4.031    0.883    2.052    0.311    0.700    5.529      4.800      9.700      6.150     10.310
    0.311    0.700    5.529    4.937    0.491    2.097      4.800     13.340      5.850     13.080
    4.283    0.722    2.582    4.937    0.491    2.097      4.800     13.340      4.800     14.720
    4.975    0.599    1.119    4.937    0.491    2.097      4.800     14.720      5.400     15.240
    1.949    0.823    3.702    1.424    0.613    4.759      4.800     38.620      5.700     39.140
    1.424    0.613    4.759    1.422    0.615    5.544      4.800     38.620      5.550     38.020
    1.424    0.613    4.759    1.422    0.615    5.544      5.550     38.020      5.700     39.140
    0.924    0.945    5.807    6.007    0.718    6.239      4.800     41.920      4.950     41.480
    6.007    0.718    6.239    2.689    0.918    3.974      4.800     41.920      4.950     42.000
    4.453    0.414    2.531    1.650    0.053    4.589      4.950     18.620      5.700     20.090
    1.650    0.053    4.589    0.882    0.903    5.851      4.950     18.620      6.300     16.970
    5.984    1.183    6.202    5.879    0.826    0.155      4.950     34.900      5.700     30.830
    5.879    0.826    0.155    1.051    0.546    5.960      4.950     34.900      5.100     35.680
    6.007    0.718    6.239    2.489    0.275    4.513      4.950     41.480      5.100     41.920
    2.489    0.275    4.513    0.924    0.945    5.807      4.950     41.480      5.100     41.400
    3.229    0.185    3.384    0.888    0.832    4.980      5.100      6.060      5.250      7.710
    5.879    0.826    0.155    1.422    0.615    5.544      5.100     35.680      9.300     35.510
    3.229    0.185    3.384    2.091    0.409    3.836      5.250      7.710      5.250      8.230
    4.031    0.883    2.052    3.229    0.185    3.384      5.250      8.230      6.450     10.310
    0.882    0.903    5.851    0.501    0.597    6.214      5.250     16.020      6.300     16.970
    0.501    0.597    6.214    4.975    0.599    1.119      5.250     16.020      5.400     15.240
    5.994    0.561    0.364    5.984    1.183    6.202      5.250     30.740      5.700     30.830
    2.489    0.275    4.513    4.057    0.651    2.277      5.250     41.480      5.400     41.920
    0.501    0.597    6.214    4.937    0.491    2.097      5.400     15.240      7.350     14.640
    3.229    0.185    3.384    5.512    0.359    0.970      5.550      1.470      6.600      1.390
    1.949    0.823    3.702    1.422    0.615    5.544      5.550     40.620      5.700     39.140
    1.650    0.053    4.589    3.663    0.838    2.029      5.700     20.090      7.500     19.920
    5.879    0.826    0.155    5.994    0.561    0.364      5.700     30.830     10.050     30.740
    4.057    0.651    2.277    1.422    0.615    5.544      5.700     40.700      8.550     40.960
    0.311    0.700    5.529    0.291    0.499    5.257      5.850     13.080      6.600     11.260
    0.291    0.499    5.257    4.937    0.491    2.097      5.850     13.080      7.050     13.080
    3.663    0.838    2.029    5.994    0.561    0.364      5.850     22.950      9.000     22.690
    4.057    0.651    2.277    3.816    0.564    2.519      5.850     42.700      6.300     42.950
    0.501    0.597    6.214    1.650    0.053    4.589      6.300     16.970      6.450     17.060
    3.229    0.185    3.384    0.311    0.700    5.529      6.450     10.480      6.600     11.260
    1.650    0.053    4.589    6.069    0.142    0.405      6.450     17.060      7.500     19.920
    6.069    0.142    0.405    0.501    0.597    6.214      6.450     17.060      7.650     16.190
    5.512    0.359    0.970    1.689    0.685    4.178      6.600      1.390      6.750      0.090
    1.689    0.685    4.178    3.229    0.185    3.384      6.600      1.390      8.550      1.990
    3.229    0.185    3.384    0.291    0.499    5.257      6.600     11.260      7.050     13.080
    3.229    0.185    3.384    4.937    0.491    2.097      7.050     13.080      7.650     13.420
    4.937    0.491    2.097    6.036    0.793    0.256      7.350     14.640      7.800     13.680
    6.036    0.793    0.256    0.501    0.597    6.214      7.350     14.640      7.650     16.190
    3.663    0.838    2.029    6.069    0.142    0.405      7.500     19.920      8.550     19.830
    6.036    0.793    0.256    6.069    0.142    0.405      7.650     16.190      9.300     18.530
    6.036    0.793    0.256    3.229    0.185    3.384      7.950     13.420     10.500     13.680
    4.347    0.403    1.259    4.057    0.651    2.277      7.950     43.040      8.700     42.260
    1.439    0.626    5.262    3.229    0.185    3.384      8.400      4.330      9.000      2.770
    3.229    0.185    3.384    5.636    0.657    0.161      8.400      4.330      8.700      5.890
    5.636    0.657    0.161    1.439    0.626    5.262      8.400      4.330     10.050      4.070
    3.229    0.185    3.384    1.426    0.390    4.584      8.550      1.990      9.000      2.420
    1.426    0.390    4.584    1.689    0.685    4.178      8.550      1.990      8.700      0.170
    6.069    0.142    0.405    3.715    0.862    2.431      8.550     19.830      9.300     18.530
    3.715    0.862    2.431    3.663    0.838    2.029      8.550     19.830      9.450     21.220
    3.229    0.185    3.384    2.810    0.604    3.648      8.700      5.890      9.150      7.880
    3.229    0.185    3.384    2.810    0.604    3.648      9.150      7.880      9.900      7.970
    2.810    0.604    3.648    5.636    0.657    0.161      8.700      5.890      9.000      5.890
    4.347    0.403    1.259    1.073    0.571    5.287      8.850     42.180      9.450     43.040
    2.810    0.604    3.648    5.825    0.396    1.087      9.000      5.890     10.050      7.880
    5.825    0.396    1.087    5.636    0.657    0.161      9.000      5.890     10.500      4.500
    3.663    0.838    2.029    3.331    0.189    2.260      9.000     22.690      9.450     21.220
    3.331    0.189    2.260    5.994    0.561    0.364      9.000     22.690     10.350     23.300
    1.422    0.615    5.544    2.432    0.602    3.932      9.000     40.880     10.950     38.360
    1.925    0.506    5.098    1.426    0.390    4.584      9.150      2.510     10.800      1.910
    1.925    0.506    5.098    1.439    0.626    5.262      9.150      2.680     10.200      3.810
    6.036    0.793    0.256    3.715    0.862    2.431      9.300     18.530     12.000     18.530
    1.422    0.615    5.544    3.273    0.591    3.039      9.300     35.510     10.950     37.330
    3.273    0.591    3.039    5.879    0.826    0.155      9.300     35.510     10.200     34.640
    3.273    0.591    3.039    5.879    0.826    0.155     10.200     34.640     10.200     30.830
    3.331    0.189    2.260    3.715    0.862    2.431      9.450     21.220     10.200     21.480
    2.432    0.602    3.932    1.073    0.571    5.287      9.450     41.140     10.950     42.700
    3.229    0.185    3.384    6.208    0.650    0.591      9.900      7.970     10.500     10.570
    6.208    0.650    0.591    2.810    0.604    3.648      9.900      7.970     10.050      7.880
    5.825    0.396    1.087    6.208    0.650    0.591     10.050      7.880     10.500      7.970
    5.994    0.561    0.364    3.343    0.418    3.602     10.050     30.740     11.400     25.110
    3.343    0.418    3.602    5.879    0.826    0.155     10.050     30.740     10.200     30.830
    3.331    0.189    2.260    1.382    0.810    5.550     10.200     21.480     10.350     23.300
    1.382    0.810    5.550    3.715    0.862    2.431     10.200     21.480     12.000     19.920
    3.273    0.591    3.039    3.343    0.418    3.602     10.200     30.830     13.950     33.690
    3.273    0.591    3.039    3.343    0.418    3.602     13.950     33.690     16.500     32.560
    5.621    0.547    0.067    1.426    0.390    4.584     10.350      0.090     10.800      1.730
    1.936    0.605    4.128    5.636    0.657    0.161     10.350      4.240     10.500      4.500
    1.129    0.632    4.675    3.229    0.185    3.384     10.350     11.000     10.500     13.680
    5.994    0.561    0.364    1.382    0.810    5.550     10.350     23.300     11.400     25.110
    1.925    0.506    5.098    4.725    0.367    0.974     10.500      3.460     10.950      2.170
    1.936    0.605    4.128    5.825    0.396    1.087     10.500      4.500     11.700      5.890
    6.208    0.650    0.591    3.923    0.447    2.481     10.500      7.970     12.000      8.490
    3.923    0.447    2.481    5.825    0.396    1.087     10.500      7.970     11.550      7.360
    3.229    0.185    3.384    5.569    0.825    0.420     10.500     10.570     10.500     10.740
    5.569    0.825    0.420    6.208    0.650    0.591     10.500     10.570     11.550     10.310
    6.036    0.793    0.256    1.129    0.632    4.675     10.500     13.680     10.950     13.940
    1.936    0.605    4.128    4.725    0.367    0.974     10.650      3.550     12.750      2.680
    5.569    0.825    0.420    1.129    0.632    4.675     10.650     11.000     12.450     11.520
    1.426    0.390    4.584    5.200    0.167    1.326     10.800      1.730     10.800      1.910
    5.200    0.167    1.326    5.621    0.547    0.067     10.800      1.730     12.450      1.130
    5.200    0.167    1.326    1.925    0.506    5.098     10.800      1.910     10.950      2.170
    5.200    0.167    1.326    4.725    0.367    0.974     10.950      2.170     12.300      2.250
    6.036    0.793    0.256    5.737    0.960    0.338     10.950     13.940     11.850     16.710
    6.036    0.793    0.256    5.737    0.960    0.338     11.850     16.710     13.500     16.970
    5.737    0.960    0.338    1.129    0.632    4.675     10.950     13.940     12.150     13.420
    1.422    0.615    5.544    0.641    0.701    4.961     10.950     37.330     10.950     38.360
    0.641    0.701    4.961    3.273    0.591    3.039     10.950     37.330     14.400     37.240
    0.641    0.701    4.961    3.273    0.591    3.039     14.400     37.240     15.450     39.060
    2.432    0.602    3.932    0.641    0.701    4.961     10.950     38.360     13.800     40.180
    2.432    0.602    3.932    1.831    0.046    5.071     10.950     42.700     11.400     42.780
    1.073    0.571    5.287    1.831    0.046    5.071     10.950     42.700     11.250     43.040
    3.343    0.418    3.602    1.382    0.810    5.550     11.400     25.110     14.100     24.080
    5.825    0.396    1.087    3.031    0.364    3.064     11.550      7.360     11.700      5.890
    3.031    0.364    3.064    3.923    0.447    2.481     11.550      7.360     12.150      7.880
    5.569    0.825    0.420    2.117    0.173    4.851     11.550     10.310     12.300     10.570
    2.117    0.173    4.851    6.208    0.650    0.591     11.550     10.310     12.000      8.490
    3.031    0.364    3.064    1.936    0.605    4.128     11.700      5.890     13.200      6.410
    2.432    0.602    3.932    3.754    0.841    2.073     11.700     42.950     12.150     43.040
    2.117    0.173    4.851    3.923    0.447    2.481     12.000      8.490     12.150      8.230
    6.036    0.793    0.256    2.767    0.264    3.215     12.000     18.530     12.750     18.100
    3.715    0.862    2.431    2.767    0.264    3.215     12.000     18.530     12.000     19.920
    1.382    0.810    5.550    2.767    0.264    3.215     12.000     19.920     13.200     19.570
    3.031    0.364    3.064    6.177    0.335    0.089     12.150      7.880     13.050      7.360
    6.177    0.335    0.089    3.923    0.447    2.481     12.150      7.880     12.150      8.230
    2.117    0.173    4.851    6.177    0.335    0.089     12.150      8.230     13.500      9.010
    2.005    0.409    3.966    1.129    0.632    4.675     12.150     13.420     12.450     12.040
    5.737    0.960    0.338    2.005    0.409    3.966     12.150     13.420     13.050     13.940
    4.725    0.367    0.974    5.800    0.411    0.183     12.300      2.250     12.750      2.680
    5.800    0.411    0.183    5.200    0.167    1.326     12.300      2.250     13.200      1.210
    5.569    0.825    0.420    5.800    0.530    0.687     12.300     10.570     12.450     11.340
    5.800    0.530    0.687    2.117    0.173    4.851     12.300     10.570     13.500      9.010
    5.621    0.547    0.067    1.954    0.602    3.947     12.450      1.130     12.450      0.090
    1.954    0.602    3.947    5.200    0.167    1.326     12.450      1.130     13.200      1.210
    5.569    0.825    0.420    3.933    0.727    2.321     12.450     11.340     12.450     11.520
    3.933    0.727    2.321    5.800    0.530    0.687     12.450     11.340     15.450     11.000
    3.933    0.727    2.321    1.129    0.632    4.675     12.450     11.520     12.450     12.040
    3.933    0.727    2.321    2.005    0.409    3.966     12.450     12.040     13.800     13.160
    5.800    0.411    0.183    1.936    0.605    4.128     12.750      2.680     13.650      3.200
    2.767    0.264    3.215    2.880    0.578    2.869     12.750     18.100     13.200     19.570
    2.880    0.578    2.869    6.036    0.793    0.256     12.750     18.100     13.650     17.230
    3.031    0.364    3.064    5.328    0.887    1.095     13.050      7.360     13.200      6.410
    5.328    0.887    1.095    6.177    0.335    0.089     13.050      7.360     13.800      7.620
    5.737    0.960    0.338    4.119    0.135    2.443     13.050     13.940     13.500     16.970
    4.119    0.135    2.443    2.005    0.409    3.966     13.050     13.940     13.800     13.160
    5.800    0.411    0.183    1.954    0.602    3.947     13.200      1.210     13.800      1.210
    5.328    0.887    1.095    1.936    0.605    4.128     13.200      6.410     13.800      5.540
    2.880    0.578    2.869    1.382    0.810    5.550     13.200     19.570     15.000     21.130
    5.800    0.530    0.687    6.177    0.335    0.089     13.500      9.010     13.650      8.920
    4.119    0.135    2.443    6.036    0.793    0.256     13.500     16.970     13.650     17.230
    5.800    0.411    0.183    5.769    0.434    0.808     13.650      3.200     13.800      1.210
    5.769    0.434    0.808    1.936    0.605    4.128     13.650      3.200     14.250      4.240
    6.177    0.335    0.089    6.167    0.344    0.230     13.650      8.920     13.800      7.620
    6.167    0.344    0.230    5.800    0.530    0.687     13.650      8.920     14.850      8.920
    4.119    0.135    2.443    2.880    0.578    2.869     13.650     17.230     16.500     17.490
    5.769    0.434    0.808    1.954    0.602    3.947     13.800      1.210     14.550      0.090
    1.936    0.605    4.128    4.881    0.479    2.134     13.800      5.540     14.250      4.240
    4.881    0.479    2.134    5.328    0.887    1.095     13.800      5.540     14.850      6.150
    5.328    0.887    1.095    6.167    0.344    0.230     13.800      7.620     14.700      7.450
    4.119    0.135    2.443    3.933    0.727    2.321     13.800     13.160     16.050     11.860
    2.432    0.602    3.932    4.640    0.619    1.926     13.800     40.180     13.800     42.440
    4.640    0.619    1.926    0.641    0.701    4.961     13.800     40.180     15.450     39.060
    3.343    0.418    3.602    5.045    0.607    1.213     14.100     24.080     15.600     25.630
    5.045    0.607    1.213    1.382    0.810    5.550     14.100     24.080     15.000     21.130
    5.769    0.434    0.808    4.881    0.479    2.134     14.250      4.240     15.300      3.980
    6.167    0.344    0.230    5.784    0.293    0.324     14.700      7.450     14.850      8.920
    5.784    0.293    0.324    5.328    0.887    1.095     14.700      7.450     14.850      6.150
    5.784    0.293    0.324    4.881    0.479    2.134     14.850      6.150     15.300      5.540
    5.784    0.293    0.324    5.800    0.530    0.687     14.850      8.920     15.300      9.010
    2.880    0.578    2.869    5.045    0.607    1.213     15.000     21.130     18.000     18.880
    5.769    0.434    0.808    5.734    1.149    0.290     15.300      3.980     19.200      2.250
    5.734    1.149    0.290    4.881    0.479    2.134     15.300      3.980     15.300      5.540
    5.734    1.149    0.290    5.784    0.293    0.324     15.300      5.540     18.900      6.410
    5.800    0.530    0.687    1.624    0.200    4.683     15.300      9.010     15.450     11.000
    1.624    0.200    4.683    5.784    0.293    0.324     15.300      9.010     18.150      9.790
    1.624    0.200    4.683    3.933    0.727    2.321     15.450     11.000     15.600     11.090
    3.273    0.591    3.039    4.640    0.619    1.926     15.450     39.060     18.150     40.440
    3.933    0.727    2.321    5.008    0.564    0.570     15.600     11.090     16.050     11.860
    5.008    0.564    0.570    1.624    0.200    4.683     15.600     11.090     17.400     11.090
    3.343    0.418    3.602    4.831    0.409    0.807     15.600     25.630     14.100     28.410
    3.343    0.418    3.602    4.831    0.409    0.807     14.100     28.410     15.000     28.750
    3.343    0.418    3.602    4.831    0.409    0.807     15.000     28.750     16.500     32.560
    4.831    0.409    0.807    5.045    0.607    1.213     15.600     25.630     21.900     22.690
    4.119    0.135    2.443    5.008    0.564    0.570     16.050     11.860     16.500     12.120
    4.119    0.135    2.443    1.240    0.198    4.831     16.500     12.120     17.700     14.200
    1.240    0.198    4.831    5.008    0.564    0.570     16.500     12.120     17.550     11.520
    4.119    0.135    2.443    2.742    0.117    4.055     16.500     17.490     17.700     14.200
    2.742    0.117    4.055    2.880    0.578    2.869     16.500     17.490     17.700     18.010
    4.831    0.409    0.807    3.273    0.591    3.039     16.500     32.560     21.000     35.510
    4.831    0.409    0.807    3.273    0.591    3.039     21.000     35.510     22.500     40.180
    5.008    0.564    0.570    2.740    0.409    3.807     17.400     11.090     17.550     11.520
    2.740    0.409    3.807    1.624    0.200    4.683     17.400     11.090     18.150      9.790
    2.740    0.409    3.807    1.240    0.198    4.831     17.550     11.520     19.500     12.120
    2.742    0.117    4.055    1.240    0.198    4.831     17.700     14.200     19.650     13.420
    2.742    0.117    4.055    3.747    0.726    3.123     17.700     18.010     19.200     17.840
    3.747    0.726    3.123    2.880    0.578    2.869     17.700     18.010     18.000     18.880
    5.045    0.607    1.213    3.747    0.726    3.123     18.000     18.880     18.900     19.050
    2.740    0.409    3.807    5.784    0.293    0.324     18.150      9.790     18.900      9.700
    4.640    0.619    1.926    4.145    0.741    2.050     18.150     40.440     18.600     42.780
    4.145    0.741    2.050    3.273    0.591    3.039     18.150     40.440     22.050     40.620
    5.784    0.293    0.324    2.123    0.635    3.921     18.900      6.410     19.650      7.710
    2.123    0.635    3.921    5.734    1.149    0.290     18.900      6.410     21.000      5.540
    5.784    0.293    0.324    0.108    0.083    5.675     18.900      9.700     19.650      7.710
    0.108    0.083    5.675    2.740    0.409    3.807     18.900      9.700     20.400     11.090
    3.747    0.726    3.123    1.108    0.460    5.923     18.900     19.050     19.200     17.840
    1.108    0.460    5.923    5.045    0.607    1.213     18.900     19.050     20.100     19.400
    1.108    0.460    5.923    5.045    0.607    1.213     20.100     19.400     21.900     22.690
    5.769    0.434    0.808    0.922    0.335    4.645     19.200      1.390     16.350      0.090
    0.922    0.335    4.645    1.936    0.687    4.473     19.200      1.390     20.250      0.430
    5.769    0.434    0.808    1.936    0.687    4.473     19.200      1.390     19.200      2.250
    5.734    1.149    0.290    1.936    0.687    4.473     19.200      2.250     21.000      2.770
    1.108    0.460    5.923    2.742    0.117    4.055     19.200     17.840     21.150     16.190
    1.240    0.198    4.831    3.354    0.447    3.639     19.500     12.120     19.650     13.420
    3.354    0.447    3.639    2.740    0.409    3.807     19.500     12.120     20.250     12.040
    0.108    0.083    5.675    2.123    0.635    3.921     19.650      7.710     21.750      7.360
    2.742    0.117    4.055    3.354    0.447    3.639     19.650     13.420     20.250     13.600
    1.936    0.687    4.473    5.097    0.514    1.527     20.250      0.430     21.000      1.730
    5.097    0.514    1.527    0.922    0.335    4.645     20.250      0.430     20.400      0.170
    2.740    0.409    3.807    1.167    0.459    5.639     20.250     12.040     20.400     11.090
    1.167    0.459    5.639    3.354    0.447    3.639     20.250     12.040     20.400     12.300
    3.354    0.447    3.639    3.839    1.041    2.295     20.250     13.600     20.400     12.300
    3.839    1.041    2.295    2.742    0.117    4.055     20.250     13.600     21.150     16.190
    1.167    0.459    5.639    0.108    0.083    5.675     20.400     11.090     21.000     10.570
    1.167    0.459    5.639    3.839    1.041    2.295     20.400     12.300     21.450     12.040
    2.769    0.155    3.469    1.936    0.687    4.473     21.000      1.730     21.150      2.680
    2.769    0.155    3.469    5.097    0.514    1.527     21.000      1.730     21.900      0.690
    5.734    1.149    0.290    1.393    0.772    5.435     21.000      2.770     21.000      5.540
    1.393    0.772    5.435    1.936    0.687    4.473     21.000      2.770     21.150      2.680
    1.393    0.772    5.435    2.123    0.635    3.921     21.000      5.540     22.050      6.150
    1.167    0.459    5.639    5.031    0.461    1.411     21.000     10.570     21.000     10.740
    5.031    0.461    1.411    0.108    0.083    5.675     21.000     10.570     22.650      9.440
    1.167    0.459    5.639    5.031    0.461    1.411     21.000     11.090     21.450     12.040
    2.769    0.155    3.469    1.393    0.772    5.435     21.150      2.680     24.000      3.460
    3.839    1.041    2.295    1.108    0.460    5.923     21.150     16.190     22.950     16.710
    5.031    0.461    1.411    3.839    1.041    2.295     21.450     12.040     22.500     12.120
    2.123    0.635    3.921    0.229    0.420    6.155     21.750      7.360     22.050      6.320
    0.229    0.420    6.155    0.108    0.083    5.675     21.750      7.360     22.050      7.710
    1.108    0.460    5.923    4.831    0.409    0.807     21.900     22.690     24.000     23.040
    2.123    0.635    3.921    1.457    0.790    5.563     22.050      6.150     22.050      6.320
    1.457    0.790    5.563    1.393    0.772    5.435     22.050      6.150     24.150      3.550
    1.457    0.790    5.563    0.229    0.420    6.155     22.050      6.320     22.500      7.100
    0.108    0.083    5.675    4.381    0.573    2.262     22.050      7.710     22.650      9.440
    4.381    0.573    2.262    0.229    0.420    6.155     22.050      7.710     22.500      7.100
    3.273    0.591    3.039    1.939    0.313    5.459     22.050     40.620     22.500     40.180
    1.939    0.313    5.459    4.145    0.741    2.050     22.050     40.620     22.500     41.920
    1.457    0.790    5.563    4.381    0.573    2.262     22.500      7.100     25.050      7.190
    3.839    1.041    2.295    0.930    0.433    4.759     22.500     12.120     24.450     12.380
    0.930    0.433    4.759    5.031    0.461    1.411     22.500     12.120     23.100      9.700
    1.939    0.313    5.459    4.831    0.409    0.807     22.500     40.180     24.000     39.660
    4.381    0.573    2.262    5.031    0.461    1.411     22.650      9.440     23.100      9.700
    3.839    1.041    2.295    0.032    0.504    6.095     22.950     16.710     25.050     14.640
    0.032    0.504    6.095    1.108    0.460    5.923     22.950     16.710     25.950     19.310
    5.759    0.512    0.580    1.939    0.313    5.459     22.950     42.000     24.000     41.400
    4.381    0.573    2.262    0.930    0.433    4.759     23.100      9.700     24.000      9.700
    2.769    0.155    3.469    6.114    1.283    0.244     24.000      3.460     24.600      1.730
    1.393    0.772    5.435    6.114    1.283    0.244     24.000      3.460     24.150      3.550
    4.381    0.573    2.262    1.091    0.636    5.859     24.000      9.700     24.600      9.180
    1.091    0.636    5.859    0.930    0.433    4.759     24.000      9.700     25.200     12.300
    4.831    0.409    0.807    1.587    0.625    4.082     24.000     23.040     25.500     23.730
    1.587    0.625    4.082    1.108    0.460    5.923     24.000     23.040     25.350     22.780
    1.939    0.313    5.459    4.441    0.503    2.545     24.000     39.660     24.000     41.400
    4.441    0.503    2.545    4.831    0.409    0.807     24.000     39.660     26.850     38.540
    4.441    0.503    2.545    5.759    0.512    0.580     24.000     41.400     26.700     42.440
    1.457    0.790    5.563    6.114    1.283    0.244     24.150      3.550     24.600      3.810
    3.839    1.041    2.295    5.171    0.563    1.881     24.450     12.380     25.050     14.640
    5.171    0.563    1.881    0.930    0.433    4.759     24.450     12.380     25.200     12.300
    1.457    0.790    5.563    0.595    0.571    5.459     24.600      3.810     25.800      6.410
    0.595    0.571    5.459    6.114    1.283    0.244     24.600      3.810     25.050      3.720
    4.381    0.573    2.262    4.064    0.721    2.543     24.600      9.180     25.050      7.190
    4.064    0.721    2.543    1.091    0.636    5.859     24.600      9.180     27.300      9.530
    6.114    1.283    0.244    4.226    0.747    2.080     25.050      3.720     25.500      2.250
    4.226    0.747    2.080    0.595    0.571    5.459     25.050      3.720     27.600      5.370
    4.064    0.721    2.543    1.457    0.790    5.563     25.050      7.190     25.800      6.410
    5.171    0.563    1.881    0.032    0.504    6.095     25.050     14.640     27.150     14.640
    1.091    0.636    5.859    5.171    0.563    1.881     25.200     12.300     26.550     12.380
    1.587    0.625    4.082    1.970    0.873    3.898     25.350     22.780     25.500     23.730
    1.970    0.873    3.898    1.108    0.460    5.923     25.350     22.780     25.650     22.430
    1.970    0.873    3.898    4.831    0.409    0.807     25.500     23.730     28.200     24.600
    1.108    0.460    5.923    1.183    0.698    5.444     25.650     22.430     26.250     20.870
    1.183    0.698    5.444    1.970    0.873    3.898     25.650     22.430     28.200     24.600
    4.064    0.721    2.543    0.595    0.571    5.459     25.800      6.410     26.100      6.410
    0.032    0.504    6.095    4.820    0.514    1.303     25.950     19.310     26.250     18.790
    4.820    0.514    1.303    1.108    0.460    5.923     25.950     19.310     26.250     20.870
    4.064    0.721    2.543    6.266    0.723    5.968     26.100      6.410     25.950      7.360
    4.064    0.721    2.543    6.266    0.723    5.968     25.950      7.360     27.450      7.710
    6.266    0.723    5.968    0.595    0.571    5.459     26.100      6.410     27.600      6.060
    5.759    0.512    0.580    4.842    0.729    2.149     26.100     42.950     26.250     42.700
    0.032    0.504    6.095    0.729    0.855    5.277     26.250     18.790     27.150     14.640
    0.729    0.855    5.277    4.820    0.514    1.303     26.250     18.790     27.750     19.660
    4.820    0.514    1.303    1.183    0.698    5.444     26.250     20.870     27.450     20.870
    5.171    0.563    1.881    1.417    0.525    5.240     26.550     12.380     27.600     13.680
    1.417    0.525    5.240    1.091    0.636    5.859     26.550     12.380     26.850     12.040
    1.091    0.636    5.859    5.720    0.642    0.153     26.850     12.040     27.150     11.000
    5.720    0.642    0.153    1.417    0.525    5.240     26.850     12.040     28.350     12.900
    4.831    0.409    0.807    3.396    0.706    3.523     26.850     38.540     30.600     35.680
    3.396    0.706    3.523    4.441    0.503    2.545     26.850     38.540     28.500     41.400
    1.091    0.636    5.859    2.023    0.607    4.354     27.150     11.000     27.300      9.530
    2.023    0.607    4.354    5.720    0.642    0.153     27.150     11.000     28.650     11.520
    5.171    0.563    1.881    0.729    0.855    5.277     27.150     14.640     27.600     13.680
    2.023    0.607    4.354    4.064    0.721    2.543     27.300      9.530     27.750      8.920
    4.064    0.721    2.543    0.544    0.447    5.027     27.450      7.710     27.750      8.920
    0.544    0.447    5.027    6.266    0.723    5.968     27.450      7.710     28.050      7.190
    4.820    0.514    1.303    2.687    0.300    3.115     27.450     20.870     27.750     19.660
    2.687    0.300    3.115    1.183    0.698    5.444     27.450     20.870     28.650     21.740
    2.687    0.300    3.115    1.183    0.698    5.444     28.650     21.740     32.400     21.650
    2.275    0.895    4.097    0.595    0.571    5.459     27.600      5.370     27.600      6.060
    2.275    0.895    4.097    4.226    0.747    2.080     27.600      5.370     29.100      3.980
    2.275    0.895    4.097    6.266    0.723    5.968     27.600      6.060     28.500      6.410
    0.729    0.855    5.277    1.417    0.525    5.240     27.600     13.680     28.500     13.340
    2.476    0.645    3.398    6.265    1.285    6.271     27.600     42.780     27.750     42.700
    0.544    0.447    5.027    2.023    0.607    4.354     27.750      8.920     28.800      9.010
    2.687    0.300    3.115    0.729    0.855    5.277     27.750     19.660     32.100     19.050
    0.544    0.447    5.027    1.063    0.460    5.729     28.050      7.190     28.800      7.620
    1.063    0.460    5.729    6.266    0.723    5.968     28.050      7.190     28.500      6.410
    6.265    1.285    6.271    4.441    0.503    2.545     28.050     42.000     28.500     41.920
    4.831    0.409    0.807    1.183    0.698    5.444     28.200     24.600     29.550     24.510
    1.417    0.525    5.240    4.243    0.579    2.218     28.350     12.900     28.500     13.340
    4.243    0.579    2.218    5.720    0.642    0.153     28.350     12.900     28.650     11.520
    1.063    0.460    5.729    2.275    0.895    4.097     28.500      6.410     29.550      6.150
    4.243    0.579    2.218    0.729    0.855    5.277     28.500     13.340     31.650     14.980
    3.396    0.706    3.523    5.713    0.924    0.229     28.500     41.400     28.800     41.920
    4.441    0.503    2.545    5.713    0.924    0.229     28.500     41.400     28.500     41.920
    5.713    0.924    0.229    6.265    1.285    6.271     28.500     41.920     28.800     41.920
    0.444    0.638    0.008    4.226    0.747    2.080     28.650      2.680     29.100      3.980
    2.023    0.607    4.354    4.243    0.579    2.218     28.650     11.520     30.300     10.220
    1.063    0.460    5.729    4.876    0.443    1.176     28.800      7.620     29.700      6.580
    4.876    0.443    1.176    0.544    0.447    5.027     28.800      7.620     28.800      9.010
    2.023    0.607    4.354    4.876    0.443    1.176     28.800      9.010     30.300     10.220
    3.396    0.706    3.523    6.265    1.285    6.271     28.800     41.920     28.950     42.000
    0.444    0.638    0.008    2.275    0.895    4.097     29.100      3.980     32.100      5.020
    0.950    0.386    5.489    2.478    0.638    3.401     29.100     42.780     29.250     43.040
    1.063    0.460    5.729    3.050    0.531    3.107     29.550      6.150     29.700      6.580
    3.050    0.531    3.107    2.275    0.895    4.097     29.550      6.150     31.650      5.800
    1.183    0.698    5.444    5.870    0.799    1.059     29.550     24.510     30.600     24.080
    1.183    0.698    5.444    5.870    0.799    1.059     30.600     24.080     30.600     25.110
    5.870    0.799    1.059    4.831    0.409    0.807     29.550     24.510     30.600     25.110
    3.063    0.281    3.188    1.737    0.371    4.810     29.550     42.520     29.700     42.440
    3.063    0.281    3.188    2.478    0.638    3.401     29.550     42.700     29.700     42.950
    3.050    0.531    3.107    4.876    0.443    1.176     29.700      6.580     31.800      7.100
    3.396    0.706    3.523    3.042    0.264    3.224     29.700     41.920     30.000     41.920
    3.396    0.706    3.523    3.043    0.290    3.213     30.150     42.180     30.300     42.260
    4.876    0.443    1.176    4.243    0.579    2.218     30.300     10.220     32.250     10.480
    4.831    0.409    0.807    1.183    0.698    5.444     30.600     25.110     31.500     25.630
    4.831    0.409    0.807    1.273    0.674    5.708     30.600     35.680     31.500     33.080
    4.831    0.409    0.807    1.273    0.674    5.708     31.500     33.080     31.500     26.330
    1.273    0.674    5.708    3.396    0.706    3.523     30.600     35.680     34.950     37.330
    3.396    0.706    3.523    0.855    0.143    5.837     30.600     42.260     31.200     42.260
    4.831    0.409    0.807    1.157    0.693    4.682     31.500     25.630     31.500     26.330
    1.157    0.693    4.682    1.183    0.698    5.444     31.500     25.630     32.400     25.630
    1.157    0.693    4.682    1.273    0.674    5.708     31.500     26.330     32.400     25.630
    2.275    0.895    4.097    3.077    0.451    3.832     31.650      5.800     32.100      5.020
    3.077    0.451    3.832    3.050    0.531    3.107     31.650      5.800     31.800      7.100
    0.729    0.855    5.277    2.499    0.998    4.064     31.650     14.980     32.700     18.530
    2.499    0.998    4.064    4.243    0.579    2.218     31.650     14.980     32.850     13.940
    3.077    0.451    3.832    4.876    0.443    1.176     31.800      7.100     32.100      7.450
    0.444    0.638    0.008    3.077    0.451    3.832     32.100      5.020     33.450      4.240
    4.876    0.443    1.176    0.625    0.653    4.924     32.100      7.450     32.550      9.270
    0.625    0.653    4.924    3.077    0.451    3.832     32.100      7.450     33.300      8.140
    0.729    0.855    5.277    6.234    0.739    6.166     32.100     19.050     32.700     18.530
    6.234    0.739    6.166    2.687    0.300    3.115     32.100     19.050     32.550     20.700
    3.396    0.706    3.523    1.030    0.478    4.962     32.100     41.920     32.250     41.480
    4.876    0.443    1.176    5.448    0.754    0.374     32.250     10.480     32.550      9.270
    5.448    0.754    0.374    4.243    0.579    2.218     32.250     10.480     32.850     11.860
    2.687    0.300    3.115    4.069    0.514    2.311     32.400     21.650     32.550     20.700
    4.069    0.514    2.311    1.183    0.698    5.444     32.400     21.650     33.900     22.690
    1.273    0.674    5.708    1.183    0.698    5.444     32.400     25.630     34.050     25.030
    1.030    0.478    4.962    3.396    0.706    3.523     32.400     41.740     32.400     41.920
    5.448    0.754    0.374    0.625    0.653    4.924     32.550      9.270     33.300      9.180
    4.069    0.514    2.311    6.234    0.739    6.166     32.550     20.700     33.900     20.610
    2.499    0.998    4.064    6.234    0.739    6.166     32.700     18.530     33.600     18.880
    3.396    0.706    3.523    0.932    0.807    5.745     32.700     41.920     34.950     37.330
    4.243    0.579    2.218    2.733    0.687    3.117     32.850     11.860     32.850     13.940
    2.733    0.687    3.117    5.448    0.754    0.374     32.850     11.860     34.950     13.080
    2.499    0.998    4.064    2.733    0.687    3.117     32.850     13.940     35.100     13.340
    0.932    0.807    5.745    4.408    0.249    2.000     33.150     42.180     33.300     42.260
    3.077    0.451    3.832    0.480    0.650    6.278     33.300      8.140     34.650      7.880
    0.480    0.650    6.278    0.625    0.653    4.924     33.300      8.140     33.300      9.180
    0.480    0.650    6.278    5.448    0.754    0.374     33.300      9.180     34.650      8.920
    0.444    0.638    0.008    0.509    0.545    6.135     33.450      4.240     33.750      3.550
    0.509    0.545    6.135    3.077    0.451    3.832     33.450      4.240     34.200      4.500
    6.234    0.739    6.166    5.451    0.793    1.329     33.600     18.880     33.900     20.090
    5.451    0.793    1.329    2.499    0.998    4.064     33.600     18.880     35.100     18.530
    5.451    0.793    1.329    2.499    0.998    4.064     35.100     18.530     35.400     16.280
    6.234    0.739    6.166    5.451    0.793    1.329     33.900     20.440     33.900     20.610
    5.451    0.793    1.329    4.069    0.514    2.311     33.900     20.610     34.200     20.610
    4.069    0.514    2.311    5.993    0.436    0.190     33.900     22.690     34.200     20.610
    5.993    0.436    0.190    1.183    0.698    5.444     33.900     22.690     34.050     25.030
    5.993    0.436    0.190    1.273    0.674    5.708     34.050     25.030     36.450     24.510
    0.509    0.545    6.135    6.178    0.648    0.445     34.200      4.500     35.100      3.810
    6.178    0.648    0.445    3.077    0.451    3.832     34.200      4.500     35.100      6.410
    5.451    0.793    1.329    5.993    0.436    0.190     34.200     20.610     35.550     20.700
    0.932    0.807    5.745    2.744    0.769    3.911     34.200     42.950     34.800     42.780
    3.077    0.451    3.832    1.476    0.763    5.187     34.650      7.880     35.100      6.410
    1.476    0.763    5.187    0.480    0.650    6.278     34.650      7.880     34.650      8.920
    1.476    0.763    5.187    5.448    0.754    0.374     34.650      8.920     36.450      9.790
    0.932    0.807    5.745    2.744    0.769    3.911     34.650     43.040     34.800     42.950
    5.448    0.754    0.374    0.784    0.371    5.527     34.950     13.080     36.750     10.480
    0.784    0.371    5.527    2.733    0.687    3.117     34.950     13.080     35.100     13.340
    0.932    0.807    5.745    1.273    0.674    5.708     34.950     37.330     38.850     35.250
    1.476    0.763    5.187    6.178    0.648    0.445     35.100      6.410     36.750      6.320
    0.784    0.371    5.527    2.499    0.998    4.064     35.100     13.340     36.300     13.680
    3.722    0.855    2.801    2.499    0.998    4.064     35.400     16.280     35.550     15.160
    5.451    0.793    1.329    3.722    0.855    2.801     35.400     16.280     36.300     15.930
    2.499    0.998    4.064    4.639    0.568    1.832     35.550     15.160     36.300     13.680
    4.639    0.568    1.832    3.722    0.855    2.801     35.550     15.160     36.300     15.930
    5.993    0.436    0.190    4.176    0.723    2.584     35.550     20.700     36.300     20.960
    5.993    0.436    0.190    4.176    0.723    2.584     36.300     20.960     35.700     22.690
    5.993    0.436    0.190    4.176    0.723    2.584     35.700     22.690     36.450     24.510
    4.176    0.723    2.584    5.451    0.793    1.329     35.550     20.700     37.950     19.140
    4.639    0.568    1.832    0.784    0.371    5.527     36.300     13.680     37.950     13.600
    4.639    0.568    1.832    5.451    0.793    1.329     36.300     15.930     37.950     19.140
    5.448    0.754    0.374    3.719    0.977    2.244     36.450      9.790     36.750     10.310
    3.719    0.977    2.244    1.476    0.763    5.187     36.450      9.790     37.800      9.180
    4.176    0.723    2.584    1.273    0.674    5.708     36.450     24.510     40.800     27.190
    6.178    0.648    0.445    4.175    0.912    2.421     36.750      6.320     38.100      5.020
    4.175    0.912    2.421    1.476    0.763    5.187     36.750      6.320     37.800      9.180
    5.448    0.754    0.374    4.859    0.686    1.804     36.750     10.310     36.750     10.480
    4.859    0.686    1.804    3.719    0.977    2.244     36.750     10.310     37.950      9.790
    4.859    0.686    1.804    0.784    0.371    5.527     36.750     10.480     38.400     12.120
    4.175    0.912    2.421    3.719    0.977    2.244     37.800      9.180     37.950      9.270
    6.178    0.648    0.445    0.983    0.311    5.314     37.950      4.590     38.100      5.020
    1.434    1.313    4.702    3.719    0.977    2.244     37.950      9.270     37.950      9.790
    1.434    1.313    4.702    4.175    0.912    2.421     37.950      9.270     38.850      8.230
    4.859    0.686    1.804    1.434    1.313    4.702     37.950      9.790     39.750     11.520
    0.784    0.371    5.527    6.204    0.342    5.614     37.950     13.600     38.400     12.120
    6.204    0.342    5.614    4.639    0.568    1.832     37.950     13.600     39.900     14.200
    6.204    0.342    5.614    4.639    0.568    1.832     39.900     14.200     40.800     13.340
    4.176    0.723    2.584    4.639    0.568    1.832     37.950     19.140     40.050     19.310
    4.176    0.723    2.584    4.639    0.568    1.832     40.050     19.310     42.900     21.480
    0.983    0.311    5.314    4.175    0.912    2.421     38.100      5.020     38.250      4.590
    6.204    0.342    5.614    4.859    0.686    1.804     38.400     12.120     39.450     11.860
    4.293    0.718    1.604    1.273    0.674    5.708     38.850     35.250     38.400     31.870
    4.293    0.718    1.604    1.273    0.674    5.708     38.400     31.870     40.800     27.190
    0.932    0.807    5.745    4.293    0.718    1.604     38.850     35.250     41.400     36.550
    6.204    0.342    5.614    5.110    0.215    0.741     39.450     11.860     40.800     13.340
    5.110    0.215    0.741    4.859    0.686    1.804     39.450     11.860     39.750     11.520
    1.434    1.313    4.702    5.110    0.215    0.741     39.750     11.520     41.250     11.000
    4.175    0.912    2.421    5.485    0.425    1.311     40.050      7.880     41.100      5.370
    4.175    0.912    2.421    1.640    0.276    4.921     40.350      4.590     40.650      5.110
    5.485    0.425    1.311    1.434    1.313    4.702     40.650      8.920     41.400      9.530
    5.110    0.215    0.741    4.639    0.568    1.832     40.800     13.340     42.900     12.820
    4.293    0.718    1.604    4.176    0.723    2.584     40.800     27.190     41.250     27.110
    4.050    0.742    1.518    5.485    0.425    1.311     41.250      5.280     42.900      5.020
    4.050    0.742    1.518    5.485    0.425    1.311     42.900      5.020     43.350      4.070
    1.434    1.313    4.702    5.371    0.699    1.610     41.250     11.000     41.400      9.530
    5.371    0.699    1.610    5.110    0.215    0.741     41.250     11.000     42.900     11.600
    4.176    0.723    2.584    2.389    0.720    4.615     41.250     27.110     43.350     23.470
    2.389    0.720    4.615    4.293    0.718    1.604     41.250     27.110     43.650     28.490
    5.371    0.699    1.610    5.485    0.425    1.311     41.400      9.530     43.050      9.960
    0.932    0.807    5.745    0.911    0.618    6.127     41.400     36.550     43.950     41.480
    0.911    0.618    6.127    4.293    0.718    1.604     41.400     36.550     43.650     33.170
    0.911    0.618    6.127    4.293    0.718    1.604     43.650     33.170     44.700     32.910
    2.377    0.676    3.335    3.309    0.662    2.296     41.700      2.770     41.700      3.290
    2.766    0.654    3.976    2.377    0.676    3.335     41.850      2.680     42.300      3.290
    4.050    0.742    1.518    2.377    0.676    3.335     41.850      3.550     42.300      3.290
    4.050    0.742    1.518    2.766    0.654    3.976     42.300      3.290     43.350      4.070
    4.399    0.393    1.920    5.110    0.215    0.741     42.900     11.600     42.900     12.820
    4.399    0.393    1.920    5.371    0.699    1.610     42.900     11.600     43.650     11.000
    4.399    0.393    1.920    4.639    0.568    1.832     42.900     12.820     44.850     15.500
    4.176    0.723    2.584    3.933    0.688    2.955     42.900     21.480     43.050     21.910
    3.933    0.688    2.955    4.639    0.568    1.832     42.900     21.480     45.300     20.610
    5.485    0.425    1.311    4.782    0.444    1.007     43.050      9.960     45.900      7.450
    4.782    0.444    1.007    5.371    0.699    1.610     43.050      9.960     43.650     11.000
    3.933    0.688    2.955    6.114    0.750    0.633     43.050     21.910     45.150     22.430
    6.114    0.750    0.633    4.176    0.723    2.584     43.050     21.910     43.350     23.470
    5.485    0.425    1.311    2.766    0.654    3.976     43.350      4.070     44.400      3.980
    6.114    0.750    0.633    2.389    0.720    4.615     43.350     23.470     44.700     23.730
    4.782    0.444    1.007    4.399    0.393    1.920     43.650     11.000     45.750     11.520
    4.293    0.718    1.604    2.043    0.636    4.886     43.650     28.490     45.150     30.570
    2.043    0.636    4.886    2.389    0.720    4.615     43.650     28.490     45.900     26.850
    2.043    0.636    4.886    2.389    0.720    4.615     45.900     26.850     46.200     25.110
    0.932    0.807    5.745    3.430    0.095    2.381     43.950     41.480     43.350     43.040
    3.430    0.095    2.381    0.911    0.618    6.127     43.950     41.480     44.100     41.400
    0.911    0.618    6.127    4.701    0.365    2.112     44.100     41.400     44.700     32.910
    4.701    0.365    2.112    3.430    0.095    2.381     44.100     41.400     44.850     42.700
    2.766    0.654    3.976    1.385    0.671    5.011     44.400      3.980     46.350      2.170
    1.385    0.671    5.011    5.485    0.425    1.311     44.400      3.980     44.850      5.110
    6.114    0.750    0.633    2.786    0.444    4.279     44.700     23.730     44.850     22.950
    2.786    0.444    4.279    2.389    0.720    4.615     44.700     23.730     45.900     24.600
    4.701    0.365    2.112    4.293    0.718    1.604     44.700     32.910     44.850     32.650
    3.430    0.095    2.381    1.892    0.670    3.862     44.700     42.950     44.850     42.700
    5.485    0.425    1.311    0.908    0.687    5.682     44.850      5.110     44.400      6.060
    5.485    0.425    1.311    0.908    0.687    5.682     44.400      6.060     45.900      7.450
    0.908    0.687    5.682    1.385    0.671    5.011     44.850      5.110     45.750      5.110
    4.639    0.568    1.832    1.239    0.198    5.415     44.850     15.500     44.700     16.970
    4.639    0.568    1.832    1.239    0.198    5.415     44.700     16.970     45.900     17.840
    1.239    0.198    5.415    4.399    0.393    1.920     44.850     15.500     46.200     14.900
    6.114    0.750    0.633    0.162    0.431    6.021     44.850     22.950     45.150     22.430
    0.162    0.431    6.021    2.786    0.444    4.279     44.850     22.950     45.900     23.040
    0.162    0.431    6.021    2.786    0.444    4.279     45.900     23.040     45.900     24.600
    5.646    0.576    1.204    4.293    0.718    1.604     44.850     32.650     44.400     31.350
    5.646    0.576    1.204    4.293    0.718    1.604     44.400     31.350     45.150     30.570
    4.701    0.365    2.112    5.646    0.576    1.204     44.850     32.650     46.650     32.300
    4.701    0.365    2.112    1.892    0.670    3.862     44.850     42.700     45.300     42.780
    3.933    0.688    2.955    0.162    0.431    6.021     45.150     22.430     45.450     21.390
    5.646    0.576    1.204    2.043    0.636    4.886     45.150     30.570     46.050     29.700
    4.639    0.568    1.832    2.194    0.982    4.125     45.300     20.090     45.900     17.840
    2.194    0.982    4.125    5.424    0.669    0.246     45.300     20.090     46.950     20.180
    4.639    0.568    1.832    5.424    0.669    0.246     45.300     20.090     45.300     20.610
    5.424    0.669    0.246    3.933    0.688    2.955     45.300     20.610     45.450     21.390
    5.424    0.669    0.246    0.162    0.431    6.021     45.450     21.390     46.800     21.130
    0.908    0.687    5.682    6.162    0.347    0.796     45.750      5.110     46.800      7.100
    6.162    0.347    0.796    1.385    0.671    5.011     45.750      5.110     47.400      3.980
    4.782    0.444    1.007    3.818    0.300    2.961     45.750     11.520     47.700      9.180
    3.818    0.300    2.961    4.399    0.393    1.920     45.750     11.520     46.800     12.120
    0.908    0.687    5.682    4.782    0.444    1.007     45.900      7.450     46.200      7.450
    2.194    0.982    4.125    1.239    0.198    5.415     45.900     17.840     47.550     18.100
    2.389    0.720    4.615    0.162    0.431    6.021     45.900     24.600     46.200     25.110
    2.766    0.654    3.976    2.699    0.802    3.799     46.050      0.430     46.350      2.170
    2.043    0.636    4.886    1.768    0.260    4.423     46.050     29.700     47.700     26.330
    1.768    0.260    4.423    5.646    0.576    1.204     46.050     29.700     46.650     32.300
    4.782    0.444    1.007    2.000    0.565    4.559     46.200      7.450     47.700      9.180
    2.000    0.565    4.559    0.908    0.687    5.682     46.200      7.450     46.800      7.100
    4.399    0.393    1.920    3.399    0.230    2.262     46.200     14.900     46.800     12.120
    3.399    0.230    2.262    1.239    0.198    5.415     46.200     14.900     48.600     15.420
    2.043    0.636    4.886    0.162    0.431    6.021     46.200     25.110     46.650     25.030
    3.117    0.563    2.836    4.701    0.365    2.112     46.200     42.780     46.800     42.780
    2.699    0.802    3.799    1.385    0.671    5.011     46.350      2.170     47.250      2.170
    0.162    0.431    6.021    5.568    0.380    0.613     46.650     25.030     48.450     23.470
    5.568    0.380    0.613    2.043    0.636    4.886     46.650     25.030     47.700     26.330
    1.768    0.260    4.423    4.701    0.365    2.112     46.650     32.300     52.800     36.200
    6.162    0.347    0.796    2.000    0.565    4.559     46.800      7.100     48.150      7.190
    3.399    0.230    2.262    3.818    0.300    2.961     46.800     12.120     49.500     12.300
    3.137    0.593    3.456    5.424    0.669    0.246     46.800     20.960     46.950     20.180
    5.424    0.669    0.246    4.963    0.751    1.722     46.800     20.960     46.800     21.130
    4.963    0.751    1.722    3.137    0.593    3.456     46.800     20.960     47.550     20.700
    4.963    0.751    1.722    0.162    0.431    6.021     46.800     21.130     48.450     23.470
    3.117    0.563    2.836    0.204    0.746    0.286     46.800     42.780     46.800     42.950
    0.204    0.746    0.286    4.701    0.365    2.112     46.800     42.780     51.600     41.400
    3.137    0.593    3.456    2.194    0.982    4.125     46.950     20.180     47.400     19.570
    2.699    0.802    3.799    4.257    0.772    1.607     47.400      0.690     47.400      0.870
    1.385    0.671    5.011    5.111    0.205    0.834     47.400      3.980     47.850      2.510
    5.111    0.205    0.834    6.162    0.347    0.796     47.400      3.980     49.800      5.890
    5.111    0.205    0.834    6.162    0.347    0.796     49.800      5.890     49.500      6.580
    2.194    0.982    4.125    0.302    0.586    0.148     47.400     19.570     47.550     18.100
    0.302    0.586    0.148    3.137    0.593    3.456     47.400     19.570     47.550     20.180
    0.302    0.586    0.148    1.239    0.198    5.415     47.550     18.100     48.450     18.100
    3.137    0.593    3.456    4.741    0.267    1.210     47.550     20.180     47.550     20.700
    4.741    0.267    1.210    0.302    0.586    0.148     47.550     20.180     48.750     19.310
    4.963    0.751    1.722    4.741    0.267    1.210     47.550     20.700     49.050     22.950
    5.162    0.588    0.506    4.257    0.772    1.607     47.700      1.210     47.850      1.130
    2.000    0.565    4.559    3.818    0.300    2.961     47.700      9.180     48.750      9.440
    5.568    0.380    0.613    1.768    0.260    4.423     47.700     26.330     48.600     26.330
    2.000    0.565    4.559    6.231    0.624    6.001     48.150      7.190     48.750      8.920
    6.231    0.624    6.001    6.162    0.347    0.796     48.150      7.190     49.500      6.580
    0.302    0.586    0.148    2.322    0.489    3.855     48.450     18.100     48.750     19.310
    2.322    0.489    3.855    1.239    0.198    5.415     48.450     18.100     48.900     17.490
    4.963    0.751    1.722    5.568    0.380    0.613     48.450     23.470     48.900     23.210
    3.399    0.230    2.262    1.230    0.401    4.995     48.600     15.420     49.350     14.640
    1.230    0.401    4.995    1.239    0.198    5.415     48.600     15.420     48.900     17.490
    5.568    0.380    0.613    1.848    0.403    4.316     48.600     26.330     49.050     25.030
    1.848    0.403    4.316    1.768    0.260    4.423     48.600     26.330     49.950     26.930
    1.848    0.403    4.316    1.768    0.260    4.423     49.950     26.930     50.400     26.330
    6.231    0.624    6.001    2.830    0.543    4.353     48.750      8.920     50.400      7.970
    2.000    0.565    4.559    2.830    0.543    4.353     48.750      8.920     48.750      9.440
    2.830    0.543    4.353    3.818    0.300    2.961     48.750      9.440     49.650     10.480
    2.322    0.489    3.855    4.741    0.267    1.210     48.750     19.310     49.800     19.050
    2.322    0.489    3.855    4.741    0.267    1.210     49.800     19.050     49.650     17.580
    1.230    0.401    4.995    2.322    0.489    3.855     48.900     17.490     49.650     17.580
    4.963    0.751    1.722    2.468    0.937    4.292     48.900     23.210     49.050     22.950
    2.468    0.937    4.292    5.568    0.380    0.613     48.900     23.210     49.050     25.030
    4.741    0.267    1.210    2.468    0.937    4.292     49.050     22.950     52.350     20.180
    2.468    0.937    4.292    1.848    0.403    4.316     49.050     25.030     50.400     26.330
    5.111    0.205    0.834    4.788    1.048    1.146     49.350      0.430     49.500      0.350
    3.399    0.230    2.262    3.592    0.390    2.598     49.350     14.640     49.800     13.160
    3.592    0.390    2.598    1.230    0.401    4.995     49.350     14.640     52.350     14.120
    5.111    0.205    0.834    6.231    0.624    6.001     49.500      6.580     50.550      7.190
    3.818    0.300    2.961    5.160    0.693    1.168     49.500     12.300     48.900     11.090
    3.818    0.300    2.961    5.160    0.693    1.168     48.900     11.090     49.650     10.480
    3.399    0.230    2.262    5.160    0.693    1.168     49.500     12.300     49.800     12.820
    2.830    0.543    4.353    5.160    0.693    1.168     49.650     10.480     50.100     10.570
    4.741    0.267    1.210    1.230    0.401    4.995     49.650     17.580     52.500     17.490
    5.160    0.693    1.168    2.469    0.600    4.208     49.800     12.820     51.750     12.380
    2.469    0.600    4.208    3.399    0.230    2.262     49.800     12.820     49.800     13.160
    3.592    0.390    2.598    2.469    0.600    4.208     49.800     13.160     52.350     13.600
    5.160    0.693    1.168    2.321    1.004    3.963     50.100     10.570     51.450     11.340
    5.160    0.693    1.168    2.321    1.004    3.963     51.450     11.340     52.050     10.310
    2.321    1.004    3.963    2.830    0.543    4.353     50.100     10.570     51.900     10.050
    5.111    0.205    0.834    0.583    0.380    4.934     50.400      0.350     50.550      0.430
    2.830    0.543    4.353    4.093    0.358    2.398     50.400      7.970     51.600      8.490
    4.093    0.358    2.398    6.231    0.624    6.001     50.400      7.970     50.550      7.190
    2.468    0.937    4.292    1.768    0.260    4.423     50.400     26.330     53.400     26.670
    4.093    0.358    2.398    5.111    0.205    0.834     50.550      7.190     52.200      6.580
    4.093    0.358    2.398    5.111    0.205    0.834     52.200      6.580     53.250      7.190
    2.830    0.543    4.353    3.160    0.577    3.890     51.600      8.490     51.900     10.050
    3.160    0.577    3.890    4.093    0.358    2.398     51.600      8.490     53.400      8.490
    4.701    0.365    2.112    1.834    0.758    4.044     51.600     41.400     52.500     40.360
    4.701    0.365    2.112    1.834    0.758    4.044     52.500     40.360     51.900     39.660
    4.701    0.365    2.112    1.834    0.758    4.044     51.900     39.660     52.800     38.800
    4.701    0.365    2.112    1.834    0.758    4.044     52.800     38.800     52.800     36.200
    1.834    0.758    4.044    0.204    0.746    0.286     51.600     41.400     53.100     42.780
    2.469    0.600    4.208    2.436    0.954    4.237     51.750     12.380     51.900     12.820
    2.436    0.954    4.237    5.160    0.693    1.168     51.750     12.380     51.900     12.820
    2.321    1.004    3.963    3.160    0.577    3.890     51.900     10.050     52.050     10.310
    5.160    0.693    1.168    2.469    0.600    4.208     51.900     12.820     52.050     12.900
    5.160    0.693    1.168    3.160    0.577    3.890     52.050     10.310     53.850     10.480
    5.160    0.693    1.168    2.469    0.600    4.208     52.350     13.080     52.500     13.160
    2.468    0.937    4.292    4.034    0.362    2.157     52.350     20.180     53.400     20.090
    4.034    0.362    2.157    4.741    0.267    1.210     52.350     20.180     53.100     18.880
    1.230    0.401    4.995    5.695    0.654    0.751     52.500     14.200     52.500     14.900
    5.695    0.654    0.751    2.276    0.689    3.940     52.500     14.900     53.550     16.710
    1.230    0.401    4.995    2.276    0.689    3.940     52.500     14.900     52.500     16.800
    1.230    0.401    4.995    0.330    0.749    5.794     52.500     16.800     52.500     17.490
    0.330    0.749    5.794    2.276    0.689    3.940     52.500     16.800     53.550     16.710
    0.330    0.749    5.794    4.741    0.267    1.210     52.500     17.490     53.100     17.840
    1.768    0.260    4.423    1.834    0.758    4.044     52.800     36.200     54.150     35.420
    5.160    0.693    1.168    5.782    0.811    0.319     53.100     12.820     53.400     12.300
    4.741    0.267    1.210    4.245    0.544    2.428     53.100     17.840     53.100     18.880
    4.245    0.544    2.428    0.330    0.749    5.794     53.100     17.840     53.850     17.750
    4.034    0.362    2.157    4.245    0.544    2.428     53.100     18.880     54.150     19.140
    0.204    0.746    0.286    5.666    0.745    0.486     53.100     42.780     53.100     42.950
    5.666    0.745    0.486    1.834    0.758    4.044     53.100     42.780     53.400     42.780
    4.093    0.358    2.398    4.000    0.479    2.565     53.250      7.190     53.550      7.880
    4.000    0.479    2.565    5.111    0.205    0.834     53.250      7.190     54.300      6.060
    3.160    0.577    3.890    5.643    0.738    0.289     53.400      8.490     54.450      9.440
    5.643    0.738    0.289    4.093    0.358    2.398     53.400      8.490     53.550      7.880
    5.160    0.693    1.168    2.042    0.619    3.516     53.400     12.300     53.550     12.040
    2.042    0.619    3.516    5.782    0.811    0.319     53.400     12.300     53.550     12.380
    5.782    0.811    0.319    4.539    0.716    1.142     53.400     12.820     53.550     12.380
    4.034    0.362    2.157    1.376    0.561    4.302     53.400     20.090     54.150     19.140
    1.376    0.561    4.302    2.468    0.937    4.292     53.400     20.090     55.800     20.610
    1.768    0.260    4.423    5.119    0.779    0.518     53.400     26.670     54.150     27.630
    5.119    0.779    0.518    2.468    0.937    4.292     53.400     26.670     54.750     26.930
    5.666    0.745    0.486    3.637    0.792    2.709     53.400     42.780     53.550     43.040
    3.637    0.792    2.709    1.834    0.758    4.044     53.400     42.780     54.000     42.780
    4.000    0.479    2.565    5.643    0.738    0.289     53.550      7.880     54.900      8.140
    2.042    0.619    3.516    4.539    0.716    1.142     53.550     12.380     53.850     12.380
    5.695    0.654    0.751    0.330    0.749    5.794     53.550     16.710     54.000     16.800
    2.327    0.422    4.558    4.539    0.716    1.142     53.850     12.380     54.000     12.820
    2.327    0.422    4.558    2.042    0.619    3.516     53.850     12.380     54.000     12.300
    0.330    0.749    5.794    3.890    0.818    2.329     53.850     17.750     54.000     16.800
    3.890    0.818    2.329    4.245    0.544    2.428     53.850     17.750     54.600     17.840
    3.946    0.707    2.179    5.160    0.693    1.168     54.000     10.570     54.150     11.000
    5.295    0.643    0.755    1.277    0.430    4.752     54.000     13.160     54.000     13.340
    3.890    0.818    2.329    5.695    0.654    0.751     54.000     16.800     54.150     16.710
    3.637    0.792    2.709    5.646    0.761    0.471     54.000     42.780     54.000     42.950
    5.646    0.761    0.471    1.834    0.758    4.044     54.000     42.780     54.600     42.780
    3.946    0.707    2.179    1.245    0.408    4.464     54.150     11.000     54.300     10.570
    1.245    0.408    4.464    5.160    0.693    1.168     54.150     11.000     54.300     11.090
    2.327    0.422    4.558    1.189    0.539    5.144     54.150     12.380     54.300     12.820
    5.695    0.654    0.751    1.041    0.273    4.980     54.150     14.640     54.300     14.720
    1.376    0.561    4.302    4.245    0.544    2.428     54.150     19.140     54.600     19.050
    5.119    0.779    0.518    3.918    0.623    3.057     54.150     27.630     54.750     26.930
    3.918    0.623    3.057    1.768    0.260    4.423     54.150     27.630     55.800     34.120
    1.768    0.260    4.423    1.843    0.759    4.824     54.150     35.420     54.600     35.160
    1.843    0.759    4.824    1.834    0.758    4.044     54.150     35.420     54.750     36.290
    1.843    0.759    4.824    1.834    0.758    4.044     54.750     36.290     54.600     35.160
    5.111    0.205    0.834    5.636    0.722    6.251     54.300      6.060     54.450      4.590
    5.111    0.205    0.834    5.636    0.722    6.251     54.450      4.590     55.350      4.240
    5.636    0.722    6.251    4.000    0.479    2.565     54.300      6.060     55.650      5.800
    5.643    0.738    0.289    5.690    0.526    1.266     54.450      9.440     55.050      8.920
    5.690    0.526    1.266    3.160    0.577    3.890     54.450      9.440     54.600      9.700
    1.245    0.408    4.464    2.436    0.395    3.996     54.600     10.570     54.600     10.740
    1.189    0.539    5.144    3.475    0.215    2.848     54.600     12.640     54.600     12.820
    3.087    1.010    3.470    1.041    0.273    4.980     54.600     14.200     54.600     14.380
    5.601    0.447    0.310    3.890    0.818    2.329     54.600     16.450     54.750     17.750
    4.245    0.544    2.428    2.585    0.970    3.972     54.600     17.840     54.600     19.050
    2.585    0.970    3.972    3.890    0.818    2.329     54.600     17.840     54.750     17.750
    2.585    0.970    3.972    1.376    0.561    4.302     54.600     19.050     55.800     20.610
    1.768    0.260    4.423    1.834    0.758    4.044     54.600     35.160     55.800     34.120
    5.646    0.761    0.471    5.422    0.925    0.421     54.600     42.780     54.600     42.950
    5.422    0.925    0.421    1.834    0.758    4.044     54.600     42.780     57.300     41.400
    5.601    0.447    0.310    2.585    0.970    3.972     54.750     17.750     56.850     17.750
    3.918    0.623    3.057    2.468    0.937    4.292     54.750     26.930     60.300     22.520
    4.000    0.479    2.565    5.352    0.166    1.658     54.900      8.140     56.100      6.060
    5.352    0.166    1.658    5.643    0.738    0.289     54.900      8.140     55.050      8.920
    1.659    0.726    5.188    2.436    0.395    3.996     54.900     10.570     55.050     11.000
    0.345    0.845    5.535    2.436    0.395    3.996     54.900     11.090     55.050     11.000
    3.783    0.807    2.325    3.475    0.215    2.848     54.900     12.300     55.050     12.380
    3.087    1.010    3.470    1.206    0.473    4.814     54.900     14.200     55.050     14.640
    3.087    1.010    3.470    1.679    0.688    4.848     54.900     14.720     55.050     14.640
    3.522    0.633    2.552    4.329    0.717    2.182     55.050      1.130     55.350      1.130
    5.352    0.166    1.658    5.690    0.526    1.266     55.050      8.920     55.650      8.920
    1.659    0.726    5.188    0.345    0.845    5.535     55.050     11.000     55.350     11.000
    1.206    0.473    4.814    1.679    0.688    4.848     55.050     14.640     55.350     14.640
    5.111    0.205    0.834    3.961    0.844    2.453     55.350      3.200     55.500      3.290
    5.690    0.526    1.266    1.659    0.726    5.188     55.350     10.480     55.500     10.570
    1.659    0.726    5.188    1.469    0.636    4.716     55.350     11.000     55.500     10.570
    1.469    0.636    4.716    0.345    0.845    5.535     55.350     11.000     55.500     11.090
    5.592    0.209    0.107    3.783    0.807    2.325     55.350     12.380     55.500     12.300
    1.787    0.524    3.805    2.252    0.342    4.645     55.350     13.420     55.500     13.160
    1.787    0.524    3.805    1.604    0.439    4.922     55.350     13.600     55.350     13.940
    1.787    0.524    3.805    1.206    0.473    4.814     55.350     14.120     55.350     14.640
    1.787    0.524    3.805    1.679    0.688    4.848     55.350     14.640     55.500     14.900
    1.469    0.636    4.716    5.690    0.526    1.266     55.500     10.570     55.650     10.480
    5.636    0.722    6.251    3.710    0.333    2.768     55.650      4.590     55.800      5.020
    5.352    0.166    1.658    1.787    0.524    3.805     55.650      8.920     57.450      8.230
    1.787    0.524    3.805    5.690    0.526    1.266     55.650      8.920     56.100     10.220
    1.469    0.636    4.716    3.007    0.324    2.604     55.650     11.000     55.800     10.570
    1.787    0.524    3.805    5.592    0.209    0.107     55.650     12.380     55.650     12.900
    5.601    0.447    0.310    1.787    0.524    3.805     55.800     15.240     56.400     15.760
    2.468    0.937    4.292    2.585    0.970    3.972     55.800     20.610     56.100     20.090
    3.918    0.623    3.057    1.834    0.758    4.044     55.800     34.120     56.250     35.250
    1.787    0.524    3.805    3.007    0.324    2.604     55.950     11.000     56.100     10.570
    3.710    0.333    2.768    0.534    0.348    0.160     56.100      4.850     56.100      5.020
    2.585    0.970    3.972    5.593    0.131    0.826     56.100     20.090     57.000     19.050
    5.593    0.131    0.826    2.468    0.937    4.292     56.100     20.090     57.600     20.610
    1.834    0.758    4.044    1.840    0.756    4.826     56.250     35.250     56.250     36.290
    1.834    0.758    4.044    1.840    0.756    4.826     56.250     36.290     57.000     35.680
    1.840    0.756    4.826    3.918    0.623    3.057     56.250     35.250     57.000     35.680
    2.485    0.630    3.945    0.534    0.348    0.160     56.400      4.500     56.550      4.590
    5.601    0.447    0.310    4.889    0.605    0.779     56.400     15.760     57.300     17.490
    4.889    0.605    0.779    1.787    0.524    3.805     56.400     15.760     59.100     15.760
    1.078    0.614    4.961    2.485    0.630    3.945     56.850      4.590     57.000      4.500
    5.601    0.447    0.310    1.442    0.794    5.138     56.850     17.750     57.300     17.490
    1.442    0.794    5.138    2.585    0.970    3.972     56.850     17.750     57.000     19.050
    1.442    0.794    5.138    5.593    0.131    0.826     57.000     19.050     57.600     20.610
    3.918    0.623    3.057    1.834    0.758    4.044     57.000     35.680     57.300     36.200
    1.078    0.614    4.961    3.131    0.751    3.472     57.150      4.590     57.300      5.020
    4.889    0.605    0.779    1.442    0.794    5.138     57.300     17.490     59.100     16.970
    3.918    0.623    3.057    0.620    0.419    5.781     57.300     36.200     59.250     36.980
    0.620    0.419    5.781    1.834    0.758    4.044     57.300     36.200     57.600     40.700
    1.834    0.758    4.044    3.823    0.657    1.929     57.300     41.400     57.600     40.700
    3.823    0.657    1.929    5.422    0.925    0.421     57.300     41.400     57.750     43.040
    1.442    0.794    5.138    2.468    0.937    4.292     57.600     20.610     58.050     20.870
    3.823    0.657    1.929    0.620    0.419    5.781     57.600     40.700     59.400     40.360
    3.715    0.501    1.844    4.545    0.330    2.114     57.900      6.580     58.050      6.670
    3.825    0.954    2.102    4.545    0.330    2.114     57.900      7.100     58.050      6.670
    3.825    0.954    2.102    3.715    0.501    1.844     58.050      6.670     58.350      6.670
    3.825    0.954    2.102    1.562    0.651    4.255     58.350      6.670     58.500      7.100
    1.562    0.651    4.255    3.715    0.501    1.844     58.350      6.670     58.500      6.580
    1.442    0.794    5.138    2.468    0.937    4.292     58.350     20.870     59.100     20.960
    4.889    0.605    0.779    2.647    0.739    4.363     59.100     15.760     59.100     16.970
    2.647    0.739    4.363    1.787    0.524    3.805     59.100     15.760     60.900     15.420
    2.647    0.739    4.363    1.442    0.794    5.138     59.100     16.970     60.450     17.230
    2.468    0.937    4.292    0.943    0.676    5.185     59.100     20.960     60.300     22.520
    0.943    0.676    5.185    1.442    0.794    5.138     59.100     20.960     61.800     19.920
    3.918    0.623    3.057    3.382    0.514    2.998     59.250     36.980     64.650     36.980
    3.382    0.514    2.998    0.620    0.419    5.781     59.250     36.980     59.400     40.360
    3.947    0.338    1.930    5.348    0.541    0.998     59.400      6.580     59.550      6.670
    5.348    0.541    0.998    6.045    0.664    0.541     59.400      7.100     59.550      6.670
    3.073    0.562    3.613    0.248    0.263    6.038     59.400      8.490     59.550      8.920
    5.829    0.560    6.130    1.787    0.524    3.805     59.400      9.700     59.550      9.790
    3.382    0.514    2.998    3.823    0.657    1.929     59.400     40.360     60.000     41.220
    3.947    0.338    1.930    6.045    0.664    0.541     59.550      6.670     59.850      6.670
    1.787    0.524    3.805    5.829    0.560    6.130     59.850      9.790     60.000      9.700
    3.823    0.657    1.929    3.879    0.769    1.628     60.000     41.220     58.950     43.040
    3.879    0.769    1.628    3.382    0.514    2.998     60.000     41.220     62.400     41.220
    3.918    0.623    3.057    0.943    0.676    5.185     60.300     22.520     61.500     22.000
    2.647    0.739    4.363    4.718    0.552    1.678     60.450     17.230     60.900     15.420
    4.718    0.552    1.678    1.442    0.794    5.138     60.450     17.230     61.800     19.920
    5.131    0.661    0.536    4.617    0.404    1.591     60.600      6.930     60.600      7.100
    1.439    0.290    4.342    1.461    0.345    5.543     60.600      8.490     60.600      8.660
    1.461    0.345    5.543    1.787    0.524    3.805     60.600      9.180     64.200     11.260
    1.461    0.345    5.543    4.617    0.404    1.591     60.900      7.100     61.050      6.670
    1.787    0.524    3.805    4.718    0.552    1.678     60.900     15.420     63.750     13.600
    2.492    0.488    4.334    3.456    0.145    4.005     61.350      4.590     61.500      4.500
    3.918    0.623    3.057    5.841    0.469    6.078     61.500     22.000     68.250     29.010
    5.841    0.469    6.078    0.943    0.676    5.185     61.500     22.000     62.100     20.090
    0.943    0.676    5.185    4.718    0.552    1.678     61.800     19.920     62.100     20.090
    4.718    0.552    1.678    5.841    0.469    6.078     62.100     20.090     68.550     18.790
    1.461    0.345    5.543    0.289    0.532    5.927     62.400      6.060     62.550      6.150
    3.879    0.769    1.628    4.156    0.200    3.346     62.400     41.220     64.200     42.780
    4.156    0.200    3.346    3.382    0.514    2.998     62.400     41.220     65.100     40.180
    1.461    0.345    5.543    3.527    0.573    2.337     63.600      7.100     64.200      7.100
    3.527    0.573    2.337    0.990    0.555    5.546     63.750      6.670     64.050      6.670
    3.879    0.769    1.628    0.456    0.154    5.358     64.200     42.780     63.750     43.040
    0.456    0.154    5.358    4.156    0.200    3.346     64.200     42.780     64.650     42.700
    3.918    0.623    3.057    0.365    0.429    5.807     64.650     36.980     66.450     35.250
    0.365    0.429    5.807    3.382    0.514    2.998     64.650     36.980     65.400     39.320
    4.156    0.200    3.346    2.681    0.422    4.129     64.650     42.700     65.850     40.960
    2.681    0.422    4.129    0.456    0.154    5.358     64.650     42.700     64.650     43.040
    4.156    0.200    3.346    0.910    0.923    5.833     65.100     40.180     65.850     40.960
    0.910    0.923    5.833    3.382    0.514    2.998     65.100     40.180     65.400     39.320
    5.761    0.233    6.031    1.461    0.345    5.543     65.400      7.100     65.550      7.190
    5.840    0.763    1.071    4.390    0.298    1.767     65.400     12.820     65.700     12.820
    0.365    0.429    5.807    0.910    0.923    5.833     65.400     39.320     67.200     39.840
    5.840    0.763    1.071    1.838    0.777    4.277     65.700     13.160     65.850     13.080
    1.860    1.207    4.472    3.632    0.966    2.207     65.850     11.000     66.150     11.000
    2.681    0.422    4.129    0.910    0.923    5.833     65.850     40.960     66.150     40.960
    5.152    0.843    0.928    5.157    0.655    1.785     66.150      9.960     66.150     10.310
    5.152    0.843    0.928    3.632    0.966    2.207     66.150     10.480     66.150     11.000
    5.152    0.843    0.928    1.860    1.207    4.472     66.150     11.000     66.300     11.090
    2.351    1.024    3.910    1.860    1.207    4.472     66.150     11.340     66.300     11.090
    2.681    0.422    4.129    4.750    0.724    1.756     66.150     40.960     66.750     42.000
    4.750    0.724    1.756    0.910    0.923    5.833     66.150     40.960     67.200     39.840
    2.351    1.024    3.910    5.152    0.843    0.928     66.300     11.090     66.600     11.260
    0.365    0.429    5.807    3.269    0.567    3.205     66.450     35.250     70.650     36.460
    3.269    0.567    3.205    3.918    0.623    3.057     66.450     35.250     68.100     31.870
    2.681    0.422    4.129    2.143    0.542    4.840     66.750     42.000     65.850     43.040
    2.143    0.542    4.840    4.750    0.724    1.756     66.750     42.000     67.200     41.920
    5.293    0.823    0.380    5.152    0.843    0.928     66.900      9.180     67.350      9.270
    0.365    0.429    5.807    4.750    0.724    1.756     67.200     39.840     67.950     40.440
    4.750    0.724    1.756    2.451    0.846    4.032     67.200     41.920     67.950     40.440
    2.451    0.846    4.032    2.143    0.542    4.840     67.200     41.920     68.400     42.950
    2.451    0.846    4.032    0.365    0.429    5.807     67.950     40.440     69.750     39.580
    1.545    0.458    5.043    3.918    0.623    3.057     68.100     31.870     68.250     29.010
    3.269    0.567    3.205    1.545    0.458    5.043     68.100     31.870     70.650     31.260
    1.681    0.730    5.196    5.152    0.843    0.928     68.250      8.920     68.400      9.010
    5.152    0.843    0.928    4.718    0.552    1.678     68.250     14.120     70.650     15.680
    1.545    0.458    5.043    5.841    0.469    6.078     68.250     29.010     70.650     28.670
    2.451    0.846    4.032    1.537    1.086    4.626     68.400     42.950     69.750     42.700
    1.537    1.086    4.626    2.143    0.542    4.840     68.400     42.950     68.250     43.040
    4.718    0.552    1.678    0.175    0.820    5.488     68.550     18.790     70.650     16.710
    0.175    0.820    5.488    5.841    0.469    6.078     68.550     18.790     70.650     19.140
    3.232    0.386    2.998    2.178    0.835    4.702     69.750      6.670     69.900      7.100
    0.365    0.429    5.807    0.283    0.298    5.604     69.750     39.580     70.650     38.880
    0.283    0.298    5.604    2.451    0.846    4.032     69.750     39.580     70.650     40.100
    2.451    0.846    4.032    4.214    0.795    1.418     69.750     42.700     70.650     40.960
    4.214    0.795    1.418    1.537    1.086    4.626     69.750     42.700     70.050     43.040
    2.178    0.835    4.702    3.033    0.525    3.830     70.200      6.930     70.200      7.100
    3.033    0.525    3.830    4.856    0.270    0.883     70.350      6.670     70.650      6.670
