# segment file written by condition_segs: version 05/07/22
# some SrTiO3 data from http://mimp.materials.cmu.edu/~gr20/Grain_Boundary_Data_Archive/SrTiO3_1/SrT
# comment: Some SrTiO3 data from the Grain_Boundary_Data_Archive                                               
#   phi1     PHI      phi2     phi1     PHI      phi2        x1         y1         x2         y2 
    2.433    0.540    3.075    1.865    0.761    4.672      0.000      1.210      0.900      0.690
    0.524    0.494    5.879    2.433    0.540    3.075      0.000      2.250      0.900      1.390
    1.724    0.683    5.244    1.729    0.682    4.454      0.000      3.810      1.350      3.720
    1.724    0.683    5.244    1.729    0.682    4.454      1.350      3.720      0.450      3.200
    3.117    0.264    3.315    1.724    0.683    5.244      0.000      4.330      1.650      6.150
    3.117    0.264    3.315    0.627    0.887    5.659      0.000      7.100      0.900      7.450
    0.627    0.887    5.659    3.781    0.575    2.989      0.000      9.180      1.350      9.270
    3.781    0.575    2.989    0.668    0.547    5.189      0.000     13.860      2.400     12.300
    4.446    0.723    2.293    0.668    0.547    5.189      0.000     15.240      1.500     14.720
    4.446    0.723    2.293    2.322    1.005    3.980      0.000     15.930      1.950     15.680
    2.322    1.005    3.980    0.012    0.511    6.012      0.000     20.090      0.900     20.440
    0.012    0.511    6.012    3.525    0.395    2.956      0.000     21.650      1.050     20.870
    3.525    0.395    2.956    1.928    0.767    4.157      0.000     23.730      1.500     23.730
    1.928    0.767    4.157    0.742    0.200    5.852      0.000     25.810      0.300     26.330
    1.860    0.473    4.656    1.961    0.514    3.560      0.000     32.390      0.450     32.300
    3.428    0.568    2.316    1.860    0.473    4.656      0.000     34.470      0.900     34.990
    3.428    0.568    2.316    1.670    0.415    4.029      0.000     37.240      0.750     38.360
    6.244    0.837    0.397    1.670    0.415    4.029      0.000     39.660      0.150     39.580
    1.111    0.121    5.020    3.981    0.899    2.344      0.000     42.260      0.300     42.440
    1.961    0.514    3.560    5.178    0.872    1.073      0.150     29.010      1.350     27.970
    6.244    0.837    0.397    1.754    0.679    5.081      0.150     40.100      0.300     39.660
    1.729    0.682    4.454    0.524    0.494    5.879      0.300      3.290      0.450      3.200
    3.981    0.899    2.344    1.754    0.679    5.081      0.300     40.180      0.600     39.660
    0.524    0.494    5.879    1.724    0.683    5.244      0.450      3.200      2.100      2.420
    1.403    0.603    5.527    5.178    0.872    1.073      0.450     27.110      1.350     27.970
    1.961    0.514    3.560    6.274    1.265    0.058      0.450     32.300      2.100     31.350
    6.274    1.265    0.058    1.860    0.473    4.656      0.450     32.300      1.500     32.390
    1.052    0.546    5.959    1.670    0.415    4.029      0.450     39.400      0.750     38.360
    1.052    0.546    5.959    1.754    0.679    5.081      0.450     39.580      0.600     39.660
    1.403    0.603    5.527    1.928    0.767    4.157      0.600     26.670      1.350     26.410
    3.981    0.899    2.344    1.052    0.546    5.959      0.600     39.660      2.250     40.100
    1.052    0.546    5.959    3.428    0.568    2.316      0.750     38.360      1.500     36.200
    2.433    0.540    3.075    0.802    0.310    6.122      0.900      0.690      0.900      1.390
    0.802    0.310    6.122    1.865    0.761    4.672      0.900      0.690      1.650      0.090
    0.802    0.310    6.122    0.524    0.494    5.879      0.900      1.390      2.250      1.990
    0.627    0.887    5.659    1.326    0.600    5.493      0.900      7.450      1.350      9.270
    1.326    0.600    5.493    3.117    0.264    3.315      0.900      7.450      1.350      7.360
    0.012    0.511    6.012    4.879    0.403    0.952      0.900     20.440      1.050     20.870
    4.879    0.403    0.952    2.322    1.005    3.980      0.900     20.440      2.250     19.140
    3.428    0.568    2.316    3.863    0.799    2.704      0.900     34.990      1.500     36.200
    3.863    0.799    2.704    1.860    0.473    4.656      0.900     34.990      1.950     34.380
    3.525    0.395    2.956    4.879    0.403    0.952      1.050     20.870      1.500     20.960
    3.117    0.264    3.315    5.051    0.683    1.730      1.350      7.360      1.650      6.150
    5.051    0.683    1.730    1.326    0.600    5.493      1.350      7.360      2.550      8.230
    3.781    0.575    2.989    1.326    0.600    5.493      1.350      9.270      1.500      9.530
    1.403    0.603    5.527    2.411    0.904    4.290      1.350     26.410      1.950     26.590
    2.411    0.904    4.290    1.928    0.767    4.157      1.350     26.410      2.100     24.080
    1.961    0.514    3.560    1.403    0.603    5.527      1.350     27.970      2.100     27.890
    3.781    0.575    2.989    1.276    0.602    4.728      1.500      9.530      2.400     10.050
    1.276    0.602    4.728    1.326    0.600    5.493      1.500      9.530      2.550      8.920
    4.446    0.723    2.293    4.952    0.613    1.014      1.500     14.720      1.950     15.680
    4.952    0.613    1.014    0.668    0.547    5.189      1.500     14.720      2.400     13.860
    3.525    0.395    2.956    3.024    0.527    3.593      1.500     20.960      1.950     21.740
    3.024    0.527    3.593    4.879    0.403    0.952      1.500     20.960      2.700     20.610
    3.525    0.395    2.956    0.020    0.509    5.486      1.500     23.730      1.950     21.740
    0.020    0.509    5.486    1.928    0.767    4.157      1.500     23.730      2.100     24.080
    1.860    0.473    4.656    4.726    0.754    1.390      1.500     32.390      1.950     34.380
    4.726    0.754    1.390    6.274    1.265    0.058      1.500     32.390      2.100     31.350
    3.863    0.799    2.704    1.052    0.546    5.959      1.500     36.200      2.550     34.900
    5.051    0.683    1.730    1.724    0.683    5.244      1.650      6.150      3.450      6.670
    4.952    0.613    1.014    2.322    1.005    3.980      1.950     15.680      2.400     16.280
    0.020    0.509    5.486    3.024    0.527    3.593      1.950     21.740      3.300     21.130
    2.411    0.904    4.290    2.659    0.480    4.285      1.950     26.590      3.150     25.550
    2.659    0.480    4.285    1.403    0.603    5.527      1.950     26.590      2.100     27.890
    4.726    0.754    1.390    3.863    0.799    2.704      1.950     34.380      2.550     34.900
    2.411    0.904    4.290    0.020    0.509    5.486      2.100     24.080      3.150     25.550
    2.659    0.480    4.285    1.961    0.514    3.560      2.100     27.890      2.700     28.750
    4.726    0.754    1.390    1.961    0.514    3.560      2.100     31.350      2.400     31.000
    4.879    0.403    0.952    0.879    0.902    5.851      2.250     19.140      2.700     19.400
    0.879    0.902    5.851    2.322    1.005    3.980      2.250     19.140      2.400     16.800
    0.802    0.310    6.122    2.318    0.988    4.164      2.400      1.910      3.300      1.390
    0.802    0.310    6.122    2.318    0.988    4.164      3.300      1.390      3.150      0.090
    3.781    0.575    2.989    1.285    0.747    4.731      2.400     12.300      2.550     10.480
    1.285    0.747    4.731    0.668    0.547    5.189      2.400     12.300      2.850     12.380
    0.668    0.547    5.189    4.289    0.727    2.582      2.400     13.860      3.300     13.340
    0.668    0.547    5.189    4.289    0.727    2.582      3.300     13.340      2.850     12.380
    4.289    0.727    2.582    4.952    0.613    1.014      2.400     13.860      3.750     14.640
    2.322    1.005    3.980    0.879    0.902    5.851      2.400     16.280      2.400     16.450
    0.879    0.902    5.851    4.952    0.613    1.014      2.400     16.280      4.200     15.760
    1.961    0.514    3.560    3.841    0.428    2.866      2.400     31.000      2.700     28.750
    3.841    0.428    2.866    4.726    0.754    1.390      2.400     31.000      4.050     31.090
    1.052    0.546    5.959    4.325    0.699    1.780      2.400     39.840      2.550     39.580
    3.981    0.899    2.344    4.325    0.699    1.780      2.400     40.180      2.400     40.360
    2.318    0.988    4.164    1.724    0.683    5.244      2.550      2.170      4.200      3.290
    1.326    0.600    5.493    4.960    0.434    1.966      2.550      8.230      2.550      8.920
    4.960    0.434    1.966    5.051    0.683    1.730      2.550      8.230      3.600      7.620
    4.960    0.434    1.966    1.276    0.602    4.728      2.550      8.920      2.850      9.960
    4.726    0.754    1.390    1.052    0.546    5.959      2.550     34.900      4.200     34.640
    1.276    0.602    4.728    4.849    0.579    2.011      2.700     10.050      2.850      9.960
    4.454    0.412    2.529    4.879    0.403    0.952      2.700     19.400      2.700     20.610
    4.454    0.412    2.529    0.879    0.902    5.851      2.700     19.400      4.950     18.100
    4.454    0.412    2.529    3.024    0.527    3.593      2.700     20.610      3.300     21.130
    3.841    0.428    2.866    2.659    0.480    4.285      2.700     28.750      4.200     27.890
    1.052    0.546    5.959    5.588    0.707    0.234      2.700     39.320      3.300     39.140
    4.325    0.699    1.780    5.664    0.610    1.098      2.700     40.360      3.150     40.100
    6.022    0.287    0.646    3.981    0.899    2.344      2.700     40.880      2.850     40.960
    3.981    0.899    2.344    5.113    0.525    1.426      2.700     42.950      2.850     42.700
    4.960    0.434    1.966    4.849    0.579    2.011      2.850      9.960      4.200      9.180
    4.289    0.727    2.582    1.285    0.747    4.731      2.850     12.380      4.050     12.040
    4.325    0.699    1.780    5.588    0.707    0.234      2.850     39.400      3.150     39.400
    3.981    0.899    2.344    1.096    0.320    5.636      2.850     42.700      3.300     41.220
    1.096    0.320    5.636    5.113    0.525    1.426      2.850     42.700      3.300     42.950
    0.020    0.509    5.486    2.659    0.480    4.285      3.150     25.550      4.050     25.890
    4.325    0.699    1.780    6.256    0.778    0.260      3.150     40.100      3.300     39.660
    6.256    0.778    0.260    5.664    0.610    1.098      3.150     40.100      3.300     40.180
    0.917    0.952    5.809    5.664    0.610    1.098      3.150     40.440      3.300     40.360
    0.917    0.952    5.809    6.022    0.287    0.646      3.150     40.620      3.150     40.960
    0.917    0.952    5.809    3.981    0.899    2.344      3.150     41.140      3.300     41.220
    1.285    0.747    4.731    5.837    0.331    0.565      3.300     10.570      3.450     11.000
    4.454    0.412    2.529    0.020    0.509    5.486      3.300     21.130      5.100     21.130
    5.588    0.707    0.234    1.940    0.824    3.704      3.300     39.140      3.300     39.320
    1.940    0.824    3.704    1.052    0.546    5.959      3.300     39.140      4.200     38.280
    1.096    0.320    5.636    0.917    0.952    5.809      3.300     41.220      4.200     41.220
    5.051    0.683    1.730    0.895    0.835    4.982      3.450      6.670      3.600      7.620
    0.895    0.835    4.982    1.724    0.683    5.244      3.450      6.670      4.800      5.540
    1.940    0.824    3.704    6.256    0.778    0.260      3.450     39.580      3.600     39.840
    0.895    0.835    4.982    4.960    0.434    1.966      3.600      7.620      4.050      7.710
    1.951    0.526    4.149    5.837    0.331    0.565      3.600     10.570      3.600     10.740
    1.285    0.747    4.731    3.182    0.562    3.422      3.600     11.090      3.750     11.340
    0.314    0.706    5.532    4.849    0.579    2.011      3.750     10.310      4.650      9.270
    0.314    0.706    5.532    1.951    0.526    4.149      3.750     10.480      4.050     11.000
    1.951    0.526    4.149    3.182    0.562    3.422      3.750     11.000      4.050     11.000
    4.289    0.727    2.582    4.984    0.600    1.112      3.750     14.640      4.950     14.120
    4.984    0.600    1.112    4.952    0.613    1.014      3.750     14.640      4.200     15.760
    1.940    0.824    3.704    0.917    0.952    5.809      3.750     40.100      4.950     40.620
    4.960    0.434    1.966    2.077    0.407    3.856      4.050      7.710      4.200      9.180
    2.077    0.407    3.856    0.895    0.835    4.982      4.050      7.710      5.250      7.360
    0.314    0.706    5.532    3.182    0.562    3.422      4.050     11.000      4.050     11.340
    0.314    0.706    5.532    1.285    0.747    4.731      4.050     11.520      4.050     12.040
    0.314    0.706    5.532    4.289    0.727    2.582      4.050     12.040      4.800     12.820
    2.659    0.480    4.285    5.995    0.561    0.363      4.050     25.890      4.200     27.890
    5.995    0.561    0.363    0.020    0.509    5.486      4.050     25.890      5.850     22.780
    4.726    0.754    1.390    2.626    0.397    3.342      4.050     31.090      4.200     34.470
    2.626    0.397    3.342    3.841    0.428    2.866      4.050     31.090      5.700     30.480
    1.724    0.683    5.244    3.230    0.185    3.383      4.200      3.290      4.800      5.540
    3.230    0.185    3.383    2.318    0.988    4.164      4.200      3.290      5.700      1.210
    2.077    0.407    3.856    4.849    0.579    2.011      4.200      9.180      4.650      9.270
    0.879    0.902    5.851    4.984    0.600    1.112      4.200     15.760      5.250     15.680
    5.995    0.561    0.363    3.841    0.428    2.866      4.200     27.890      5.400     28.750
    5.995    0.561    0.363    3.841    0.428    2.866      5.400     28.750      5.700     30.480
    4.726    0.754    1.390    2.963    0.759    2.976      4.200     34.470      4.200     34.640
    2.963    0.759    2.976    2.626    0.397    3.342      4.200     34.470      5.400     34.120
    2.963    0.759    2.976    2.626    0.397    3.342      5.400     34.120      5.850     30.570
    2.963    0.759    2.976    1.052    0.546    5.959      4.200     34.640      5.250     35.420
    1.052    0.546    5.959    1.422    0.615    5.543      4.200     38.280      5.250     35.420
    1.422    0.615    5.543    1.940    0.824    3.704      4.200     38.280      5.400     38.620
    1.422    0.615    5.543    1.940    0.824    3.704      5.400     38.620      5.550     40.100
    1.096    0.320    5.636    1.057    0.491    4.742      4.200     41.220      4.650     41.480
    0.917    0.952    5.809    1.057    0.491    4.742      4.200     41.220      4.650     41.140
    1.096    0.320    5.636    4.841    0.622    2.155      4.200     42.950      4.350     42.700
    0.314    0.706    5.532    2.077    0.407    3.856      4.650      9.270      4.800      9.180
    1.096    0.320    5.636    3.470    0.568    2.598      4.650     41.480      4.950     42.000
    3.470    0.568    2.598    1.057    0.491    4.742      4.650     41.480      4.800     41.400
    3.230    0.185    3.383    0.895    0.835    4.982      4.800      5.540      5.700      6.410
    3.230    0.185    3.383    0.895    0.835    4.982      5.700      6.410      5.250      7.360
    2.077    0.407    3.856    1.578    0.818    4.192      4.800      9.180      5.400      7.970
    1.578    0.818    4.192    0.314    0.706    5.532      4.800      9.180      6.450      9.960
    0.314    0.706    5.532    4.928    0.491    2.105      4.800     12.820      5.700     12.820
    4.928    0.491    2.105    4.289    0.727    2.582      4.800     12.820      4.200     13.340
    4.928    0.491    2.105    4.289    0.727    2.582      4.200     13.340      4.950     14.120
    4.928    0.491    2.105    4.984    0.600    1.112      4.950     14.120      5.700     14.720
    4.454    0.412    2.529    1.583    0.053    4.656      4.950     18.100      5.700     19.570
    1.583    0.053    4.656    0.879    0.902    5.851      4.950     18.100      5.850     16.710
    3.470    0.568    2.598    2.968    0.796    3.940      4.950     41.480      5.100     41.920
    1.096    0.320    5.636    2.710    0.906    3.967      4.950     42.000      4.950     42.180
    2.710    0.906    3.967    3.470    0.568    2.598      4.950     42.000      5.100     41.920
    4.454    0.412    2.529    3.662    0.838    2.031      5.100     21.130      5.700     19.570
    3.662    0.838    2.031    0.020    0.509    5.486      5.100     21.130      5.850     22.780
    2.968    0.796    3.940    2.710    0.906    3.967      5.100     41.920      5.250     42.000
    3.230    0.185    3.383    2.077    0.407    3.856      5.250      7.360      5.400      7.970
    4.984    0.600    1.112    0.510    0.600    6.210      5.250     15.680      5.700     14.720
    0.510    0.600    6.210    0.879    0.902    5.851      5.250     15.680      5.700     16.280
    2.963    0.759    2.976    1.422    0.615    5.543      5.250     35.420      9.750     35.250
    2.968    0.796    3.940    2.663    0.909    3.999      5.250     41.480      5.400     41.920
    1.578    0.818    4.192    3.230    0.185    3.383      5.400      7.970      6.450      9.960
    5.501    0.358    0.979    2.318    0.988    4.164      5.700      1.210      3.750      0.090
    3.230    0.185    3.383    5.501    0.358    0.979      5.700      1.210      6.750      1.130
    0.314    0.706    5.532    0.283    0.500    5.272      5.700     12.300      6.450     11.000
    0.314    0.706    5.532    0.283    0.500    5.272      5.700     12.640      5.700     12.820
    0.283    0.500    5.272    4.928    0.491    2.105      5.700     12.820      7.500     12.820
    0.510    0.600    6.210    4.928    0.491    2.105      5.700     14.720      6.600     14.380
    0.879    0.902    5.851    5.066    0.423    0.104      5.700     16.280      5.850     16.710
    5.066    0.423    0.104    0.510    0.600    6.210      5.700     16.280      6.300     16.280
    1.583    0.053    4.656    3.662    0.838    2.031      5.700     19.570      7.500     19.400
    5.995    0.561    0.363    2.626    0.397    3.342      5.700     30.480      5.850     30.570
    2.663    0.909    3.999    4.057    0.657    2.284      5.700     41.740      5.700     41.920
    5.066    0.423    0.104    1.583    0.053    4.656      5.850     16.710      6.300     16.280
    5.995    0.561    0.363    3.662    0.838    2.031      5.850     22.780      9.150     22.430
    2.963    0.759    2.976    5.995    0.561    0.363      5.850     30.570      9.750     30.570
    4.057    0.657    2.284    1.422    0.615    5.543      5.850     40.440      8.550     40.960
    4.057    0.657    2.284    2.156    0.774    3.872      6.150     42.700      6.300     42.780
    1.583    0.053    4.656    0.510    0.600    6.210      6.300     16.280      6.600     16.280
    3.230    0.185    3.383    0.314    0.706    5.532      6.450      9.960      6.450     11.000
    3.230    0.185    3.383    0.283    0.500    5.272      6.450     11.000      7.500     12.820
    4.928    0.491    2.105    6.038    0.793    0.255      6.600     14.380      8.100     13.160
    6.038    0.793    0.255    0.510    0.600    6.210      6.600     14.380      7.650     15.680
    1.583    0.053    4.656    6.070    0.140    0.403      6.600     16.280      6.600     16.450
    6.070    0.140    0.403    0.510    0.600    6.210      6.600     16.280      7.350     16.020
    1.583    0.053    4.656    6.070    0.140    0.403      6.600     16.800      7.500     19.400
    2.755    0.429    3.415    4.057    0.657    2.284      6.600     42.780      7.200     42.780
    5.501    0.358    0.979    1.689    0.686    4.178      6.750      1.130      6.750      0.090
    1.689    0.686    4.178    3.230    0.185    3.383      6.750      1.130      8.550      1.650
    6.070    0.140    0.403    6.038    0.793    0.255      7.350     16.020      9.000     18.010
    6.038    0.793    0.255    0.510    0.600    6.210      7.350     16.020      7.500     15.930
    4.928    0.491    2.105    3.230    0.185    3.383      7.500     12.820      8.100     13.160
    3.662    0.838    2.031    6.070    0.140    0.403      7.500     19.400      8.550     19.310
    6.038    0.793    0.255    3.230    0.185    3.383      8.100     13.160     10.500     13.340
    4.430    1.183    1.625    1.689    0.686    4.178      8.550      1.650      8.550      0.090
    4.430    1.183    1.625    3.230    0.185    3.383      8.550      1.650      9.150      2.170
    6.070    0.140    0.403    5.934    0.956    0.650      8.550     19.310      9.000     18.010
    5.934    0.956    0.650    3.662    0.838    2.031      8.550     19.310      9.750     21.390
    3.230    0.185    3.383    5.633    0.648    0.161      9.000      2.770      7.950      3.720
    3.230    0.185    3.383    5.633    0.648    0.161      7.950      3.720      9.000      5.370
    5.633    0.648    0.161    1.432    0.627    4.475      9.000      2.770      9.300      2.770
    1.432    0.627    4.475    3.230    0.185    3.383      9.000      2.770      9.150      2.680
    3.230    0.185    3.383    5.831    0.392    1.080      9.000      5.370      9.000      5.540
    5.831    0.392    1.080    5.633    0.648    0.161      9.000      5.370     10.500      4.330
    5.831    0.392    1.080    2.813    0.606    3.643      9.000      5.540     10.200      7.450
    2.813    0.606    3.643    3.230    0.185    3.383      9.000      5.540      8.850      7.360
    2.813    0.606    3.643    3.230    0.185    3.383      8.850      7.360      9.900      7.970
    6.038    0.793    0.255    5.934    0.956    0.650      9.000     18.010     12.000     17.840
    4.351    0.387    1.266    1.066    0.571    5.291      9.000     42.260      9.150     42.700
    3.662    0.838    2.031    3.316    0.194    2.271      9.150     22.430      9.750     21.390
    3.316    0.194    2.271    5.995    0.561    0.363      9.150     22.430     10.350     22.780
    2.104    0.955    3.860    1.422    0.615    5.543      9.300     40.700      9.450     40.620
    2.104    0.955    3.860    1.066    0.571    5.291      9.300     40.880      9.900     40.880
    1.422    0.615    5.543    0.176    1.161    5.828      9.450     40.620     11.400     38.280
    0.176    1.161    5.828    2.104    0.955    3.860      9.450     40.620      9.900     40.880
    5.934    0.956    0.650    3.316    0.194    2.271      9.750     21.390     10.350     21.220
    2.963    0.759    2.976    3.351    0.678    2.966      9.750     30.570      9.750     35.250
    3.351    0.678    2.966    5.995    0.561    0.363      9.750     30.570     10.350     29.700
    1.422    0.615    5.543    3.351    0.678    2.966      9.750     35.250     11.250     36.810
    3.230    0.185    3.383    6.209    0.651    0.589      9.900      7.970     10.500     10.050
    6.209    0.651    0.589    2.813    0.606    3.643      9.900      7.970     10.200      7.450
    0.176    1.161    5.828    1.066    0.571    5.291      9.900     40.880     11.400     42.440
    2.528    0.848    3.962    5.633    0.648    0.161     10.050      3.200     10.200      3.290
    6.209    0.651    0.589    5.831    0.392    1.080     10.200      7.450     10.500      7.450
    1.383    0.810    5.549    3.316    0.194    2.271     10.350     21.220     10.350     22.780
    1.383    0.810    5.549    5.934    0.956    0.650     10.350     21.220     12.150     19.660
    5.995    0.561    0.363    1.383    0.810    5.549     10.350     22.780     11.550     24.850
    5.995    0.561    0.363    3.344    0.418    3.603     10.350     29.700     11.550     24.850
    3.344    0.418    3.603    3.351    0.678    2.966     10.350     29.700     10.800     31.000
    3.344    0.418    3.603    3.351    0.678    2.966     10.800     31.000     14.700     33.430
    4.430    1.183    1.625    5.209    0.173    6.012     10.500      1.910     10.650      1.470
    1.937    0.604    4.127    5.633    0.648    0.161     10.500      3.810     10.500      4.330
    5.831    0.392    1.080    1.937    0.604    4.127     10.500      4.330     11.550      5.630
    6.209    0.651    0.589    3.941    0.450    2.461     10.500      7.450     12.000      7.970
    3.941    0.450    2.461    5.831    0.392    1.080     10.500      7.450     11.700      6.580
    3.230    0.185    3.383    5.567    0.825    0.419     10.500     10.050     10.500     10.220
    5.567    0.825    0.419    6.209    0.651    0.589     10.500     10.050     11.550      9.960
    5.567    0.825    0.419    1.130    0.633    4.675     10.500     10.220     12.300     11.090
    1.130    0.633    4.675    3.230    0.185    3.383     10.500     10.220     10.500     13.340
    1.130    0.633    4.675    6.038    0.793    0.255     10.500     13.340     11.400     13.680
    5.614    0.545    0.073    4.430    1.183    1.625     10.650      1.470     10.350      0.090
    5.209    0.173    6.012    5.614    0.545    0.073     10.650      1.470     13.050      0.610
    1.066    0.571    5.291    1.496    0.680    5.378     10.800     42.950     11.250     42.700
    1.937    0.604    4.127    5.742    0.746    0.021     10.950      3.200     11.400      2.770
    1.422    0.615    5.543    0.641    0.701    4.958     11.250     36.810     11.400     38.280
    0.641    0.701    4.958    3.351    0.678    2.966     11.250     36.810     13.950     36.810
    6.038    0.793    0.255    5.738    0.962    0.337     11.400     13.680     12.150     16.190
    6.038    0.793    0.255    5.738    0.962    0.337     12.150     16.190     13.650     16.710
    5.738    0.962    0.337    1.130    0.633    4.675     11.400     13.680     12.300     13.340
    0.641    0.701    4.958    0.176    1.161    5.828     11.400     38.280     13.800     39.660
    1.937    0.604    4.127    5.209    0.173    6.012     11.550      2.510     12.600      2.420
    5.831    0.392    1.080    6.087    1.211    0.027     11.550      5.630     11.700      6.580
    6.087    1.211    0.027    1.937    0.604    4.127     11.550      5.630     13.200      6.060
    6.209    0.651    0.589    2.145    0.173    4.821     11.550      9.960     12.000      7.970
    2.145    0.173    4.821    5.567    0.825    0.419     11.550      9.960     12.300     10.570
    3.344    0.418    3.603    1.383    0.810    5.549     11.550     24.850     14.100     23.730
    6.087    1.211    0.027    3.941    0.450    2.461     11.700      6.580     12.300      7.450
    2.145    0.173    4.821    3.941    0.450    2.461     12.000      7.970     12.300      7.620
    5.934    0.956    0.650    2.763    0.258    3.206     12.000     17.840     12.150     19.660
    2.763    0.258    3.206    6.038    0.793    0.255     12.000     17.840     13.200     17.840
    1.383    0.810    5.549    2.763    0.258    3.206     12.150     19.660     13.050     19.310
    3.941    0.450    2.461    6.180    0.337    0.093     12.300      7.450     12.300      7.620
    6.180    0.337    0.093    6.087    1.211    0.027     12.300      7.450     13.200      6.580
    6.180    0.337    0.093    2.145    0.173    4.821     12.300      7.620     13.350      7.880
    3.934    0.724    2.319    5.567    0.825    0.419     12.300     10.570     12.300     11.090
    3.934    0.724    2.319    2.145    0.173    4.821     12.300     10.570     12.750     10.480
    1.130    0.633    4.675    3.934    0.724    2.319     12.300     11.090     12.450     11.860
    1.130    0.633    4.675    1.978    0.412    3.994     12.300     13.340     12.450     11.860
    1.978    0.412    3.994    5.738    0.962    0.337     12.300     13.340     13.050     13.420
    1.978    0.412    3.994    3.934    0.724    2.319     12.450     11.860     13.500     13.160
    5.209    0.173    6.012    5.799    0.413    0.185     12.600      2.420     13.500      0.690
    5.799    0.413    0.185    1.937    0.604    4.127     12.600      2.420     13.650      2.510
    2.145    0.173    4.821    5.806    0.531    0.682     12.750     10.480     13.800      8.490
    5.806    0.531    0.682    3.934    0.724    2.319     12.750     10.480     15.450     10.480
    5.614    0.545    0.073    1.962    0.603    3.939     13.050      0.610     12.750      0.090
    1.962    0.603    3.939    5.209    0.173    6.012     13.050      0.610     13.500      0.690
    5.738    0.962    0.337    4.118    0.134    2.444     13.050     13.420     13.650     16.710
    4.118    0.134    2.444    1.978    0.412    3.994     13.050     13.420     13.500     13.160
    2.763    0.258    3.206    5.698    1.017    0.173     13.050     19.310     13.200     17.840
    5.698    1.017    0.173    1.383    0.810    5.549     13.050     19.310     15.000     20.610
    3.560    0.614    2.809    0.176    1.161    5.828     13.050     42.700     13.200     42.780
    1.937    0.604    4.127    5.327    0.885    1.097     13.200      6.060     14.250      5.280
    6.087    1.211    0.027    5.327    0.885    1.097     13.200      6.060     13.200      6.580
    5.327    0.885    1.097    6.180    0.337    0.093     13.200      6.580     13.800      7.100
    5.698    1.017    0.173    6.038    0.793    0.255     13.200     17.840     13.800     16.970
    6.180    0.337    0.093    6.161    0.347    0.231     13.350      7.880     13.800      7.100
    6.161    0.347    0.231    2.145    0.173    4.821     13.350      7.880     13.800      8.490
    5.799    0.413    0.185    1.962    0.603    3.939     13.500      0.690     13.800      0.690
    4.118    0.134    2.444    3.934    0.724    2.319     13.500     13.160     16.050     11.520
    1.937    0.604    4.127    5.768    0.434    0.807     13.650      2.510     14.250      3.720
    5.768    0.434    0.807    5.799    0.413    0.185     13.650      2.510     13.800      0.690
    4.118    0.134    2.444    6.038    0.793    0.255     13.650     16.710     13.800     16.970
    5.768    0.434    0.807    1.962    0.603    3.939     13.800      0.690     14.250      0.090
    5.327    0.885    1.097    6.161    0.347    0.231     13.800      7.100     14.550      7.190
    5.806    0.531    0.682    6.161    0.347    0.231     13.800      8.490     14.850      8.400
    4.118    0.134    2.444    5.698    1.017    0.173     13.800     16.970     16.500     16.970
    0.176    1.161    5.828    4.641    0.618    1.927     13.800     39.660     13.950     42.180
    4.641    0.618    1.927    0.641    0.701    4.958     13.800     39.660     15.300     38.620
    0.641    0.701    4.958    3.221    0.550    3.087     13.950     36.810     15.300     38.620
    3.221    0.550    3.087    3.351    0.678    2.966     13.950     36.810     14.700     33.430
    1.383    0.810    5.549    5.046    0.607    1.211     14.100     23.730     15.000     20.610
    5.046    0.607    1.211    3.344    0.418    3.603     14.100     23.730     15.750     25.370
    5.768    0.434    0.807    4.880    0.481    2.139     14.250      3.720     15.300      3.810
    4.880    0.481    2.139    1.937    0.604    4.127     14.250      3.720     14.250      5.280
    4.880    0.481    2.139    5.327    0.885    1.097     14.250      5.280     14.850      5.630
    6.161    0.347    0.231    5.786    0.292    0.321     14.550      7.190     14.850      8.400
    5.786    0.292    0.321    5.327    0.885    1.097     14.550      7.190     14.850      5.630
    3.221    0.550    3.087    3.344    0.418    3.603     14.700     33.430     16.500     32.560
    5.786    0.292    0.321    4.880    0.481    2.139     14.850      5.630     15.450      5.280
    5.786    0.292    0.321    5.806    0.531    0.682     14.850      8.400     15.300      9.010
    5.698    1.017    0.173    5.046    0.607    1.211     15.000     20.610     18.000     18.530
    4.880    0.481    2.139    5.736    1.150    0.289     15.300      3.810     15.450      5.280
    5.736    1.150    0.289    5.768    0.434    0.807     15.300      3.810     17.100      2.420
    5.736    1.150    0.289    5.768    0.434    0.807     17.100      2.420     19.350      2.170
    5.806    0.531    0.682    1.629    0.198    4.681     15.300      9.010     15.450     10.480
    1.629    0.198    4.681    5.786    0.292    0.321     15.300      9.010     15.750      8.400
    1.629    0.198    4.681    5.786    0.292    0.321     15.750      8.400     18.150      9.270
    4.641    0.618    1.927    3.221    0.550    3.087     15.300     38.620     18.150     40.100
    5.736    1.150    0.289    5.786    0.292    0.321     15.450      5.280     18.750      6.150
    1.629    0.198    4.681    3.934    0.724    2.319     15.450     10.480     15.750     11.000
    1.629    0.198    4.681    4.976    0.559    0.597     15.750     11.000     17.400     11.090
    4.976    0.559    0.597    3.934    0.724    2.319     15.750     11.000     16.050     11.520
    3.344    0.418    3.603    4.831    0.409    0.807     15.750     25.370     14.550     28.670
    3.344    0.418    3.603    4.831    0.409    0.807     14.550     28.670     16.500     32.560
    4.831    0.409    0.807    5.046    0.607    1.211     15.750     25.370     22.050     22.430
    4.976    0.559    0.597    4.118    0.134    2.444     16.050     11.520     16.500     11.600
    4.118    0.134    2.444    1.252    0.197    4.818     16.500     11.600     17.700     13.860
    1.252    0.197    4.818    4.976    0.559    0.597     16.500     11.600     17.400     11.090
    4.118    0.134    2.444    2.739    0.118    4.058     16.500     16.970     17.700     13.860
    2.739    0.118    4.058    5.698    1.017    0.173     16.500     16.970     17.850     17.750
    4.831    0.409    0.807    3.221    0.550    3.087     16.500     32.560     21.000     34.990
    4.831    0.409    0.807    3.221    0.550    3.087     21.000     34.990     22.500     39.660
    1.252    0.197    4.818    1.629    0.198    4.681     17.400     11.090     17.550     11.000
    1.629    0.198    4.681    2.742    0.409    3.804     17.550     11.000     18.150      9.270
    2.742    0.409    3.804    1.252    0.197    4.818     17.550     11.000     20.250     11.860
    1.252    0.197    4.818    2.739    0.118    4.058     17.700     13.860     20.250     13.080
    2.739    0.118    4.058    3.755    0.720    3.118     17.850     17.750     19.050     17.580
    3.755    0.720    3.118    5.698    1.017    0.173     17.850     17.750     18.000     18.530
    3.755    0.720    3.118    5.046    0.607    1.211     18.000     18.530     18.750     18.620
    4.641    0.618    1.927    0.194    0.650    5.340     18.000     42.950     18.150     42.700
    2.742    0.409    3.804    5.786    0.292    0.321     18.150      9.270     18.600      9.010
    3.221    0.550    3.087    4.145    0.742    2.048     18.150     40.100     22.050     40.440
    4.145    0.742    2.048    4.641    0.618    1.927     18.150     40.100     18.600     41.920
    0.108    0.083    5.674    5.786    0.292    0.321     18.600      9.010     19.350      7.360
    2.742    0.409    3.804    0.108    0.083    5.674     18.600      9.010     20.250     10.310
    4.641    0.618    1.927    4.145    0.742    2.048     18.600     42.260     18.600     42.440
    5.786    0.292    0.321    2.125    0.636    3.917     18.750      6.150     19.350      7.360
    2.125    0.636    3.917    5.736    1.150    0.289     18.750      6.150     21.000      5.020
    5.046    0.607    1.211    1.107    0.461    5.924     18.750     18.620     20.400     19.400
    5.046    0.607    1.211    1.107    0.461    5.924     20.400     19.400     22.050     22.430
    1.107    0.461    5.924    3.755    0.720    3.118     18.750     18.620     19.200     17.840
    3.755    0.720    3.118    0.675    0.546    5.332     19.050     17.580     19.200     17.840
    0.675    0.546    5.332    2.739    0.118    4.058     19.050     17.580     20.400     16.800
    1.107    0.461    5.924    0.675    0.546    5.332     19.200     17.840     20.400     16.800
    0.942    0.336    4.625    1.937    0.688    4.474     19.350      0.610     20.250      0.430
    1.937    0.688    4.474    5.768    0.434    0.807     19.350      0.610     19.350      2.170
    5.768    0.434    0.807    0.942    0.336    4.625     19.350      0.610     17.550      0.090
    1.937    0.688    4.474    5.736    1.150    0.289     19.350      2.170     20.850      2.170
    2.125    0.636    3.917    0.108    0.083    5.674     19.350      7.360     21.750      7.190
    1.937    0.688    4.474    5.101    0.512    1.524     20.250      0.430     21.150      1.470
    5.101    0.512    1.524    0.942    0.336    4.625     20.250      0.430     20.550      0.090
    2.742    0.409    3.804    1.161    0.462    5.651     20.250     10.310     20.400     11.780
    1.161    0.462    5.651    0.108    0.083    5.674     20.250     10.310     21.000     10.220
    5.830    0.961    0.908    1.252    0.197    4.818     20.250     11.860     20.250     13.080
    5.830    0.961    0.908    2.742    0.409    3.804     20.250     11.860     20.400     11.780
    5.830    0.961    0.908    2.739    0.118    4.058     20.250     13.080     21.150     16.020
    1.161    0.462    5.651    5.830    0.961    0.908     20.400     11.780     21.600     11.600
    1.107    0.461    5.924    2.739    0.118    4.058     20.400     16.800     21.150     16.020
    1.937    0.688    4.474    2.782    0.155    3.461     20.850      2.170     21.150      1.470
    2.782    0.155    3.461    5.736    1.150    0.289     20.850      2.170     21.000      2.250
    5.736    1.150    0.289    1.394    0.773    5.434     21.000      2.250     21.000      5.020
    1.394    0.773    5.434    2.782    0.155    3.461     21.000      2.250     23.850      2.680
    1.394    0.773    5.434    2.125    0.636    3.917     21.000      5.020     22.200      5.890
    0.108    0.083    5.674    5.039    0.453    1.407     21.000     10.220     22.500      9.180
    5.039    0.453    1.407    1.161    0.462    5.651     21.000     10.220     21.600     11.600
    4.145    0.742    2.048    4.418    0.651    2.319     21.000     42.950     21.450     42.700
    2.782    0.155    3.461    5.101    0.512    1.524     21.150      1.470     22.650      0.090
    1.107    0.461    5.924    5.830    0.961    0.908     21.150     16.020     22.950     16.190
    5.830    0.961    0.908    5.039    0.453    1.407     21.600     11.600     22.500     11.600
    0.108    0.083    5.674    0.213    0.410    6.173     21.750      7.190     22.500      7.450
    0.213    0.410    6.173    2.125    0.636    3.917     21.750      7.190     22.200      6.060
    1.107    0.461    5.924    4.831    0.409    0.807     22.050     22.430     24.000     22.690
    2.125    0.636    3.917    1.457    0.789    5.562     22.200      5.890     22.200      6.060
    1.457    0.789    5.562    1.394    0.773    5.434     22.200      5.890     24.600      3.460
    1.457    0.789    5.562    0.213    0.410    6.173     22.200      6.060     22.500      6.410
    2.067    0.201    5.600    4.145    0.742    2.048     22.350     42.000     22.500     41.740
    4.382    0.570    2.262    0.213    0.410    6.173     22.500      6.410     22.500      7.450
    4.382    0.570    2.262    1.457    0.789    5.562     22.500      6.410     25.050      6.670
    0.108    0.083    5.674    4.382    0.570    2.262     22.500      7.450     22.500      9.180
    4.382    0.570    2.262    5.039    0.453    1.407     22.500      9.180     23.400      9.530
    5.830    0.961    0.908    0.930    0.433    4.756     22.500     11.600     24.600     12.120
    0.930    0.433    4.756    5.039    0.453    1.407     22.500     11.600     23.400      9.530
    3.221    0.550    3.087    5.483    0.494    1.120     22.500     39.660     22.500     39.840
    4.831    0.409    0.807    5.483    0.494    1.120     22.500     39.660     23.100     39.660
    4.145    0.742    2.048    1.936    0.318    5.460     22.500     40.700     22.650     40.960
    4.145    0.742    2.048    4.712    0.564    1.478     22.500     41.400     22.650     41.140
    0.109    0.300    5.514    2.067    0.201    5.600     22.500     42.260     22.650     42.180
    1.936    0.318    5.460    5.483    0.494    1.120     22.650     40.100     22.950     40.100
    2.067    0.201    5.600    4.712    0.564    1.478     22.650     41.480     22.950     41.480
    5.830    0.961    0.908    0.033    0.504    6.095     22.950     16.190     25.200     13.860
    0.033    0.504    6.095    1.107    0.461    5.924     22.950     16.190     26.100     18.530
    4.441    0.501    2.543    5.483    0.494    1.120     22.950     40.100     23.100     39.660
    4.441    0.501    2.543    1.936    0.318    5.460     22.950     40.100     23.400     40.360
    0.254    0.755    5.583    2.067    0.201    5.600     22.950     41.480     23.100     41.920
    0.254    0.755    5.583    4.712    0.564    1.478     22.950     41.480     23.100     41.400
    4.441    0.501    2.543    4.831    0.409    0.807     23.100     39.660     25.950     38.020
    4.441    0.501    2.543    4.831    0.409    0.807     25.950     38.020     26.850     38.360
    0.254    0.755    5.583    3.398    1.003    3.499     23.250     41.480     23.400     41.920
    0.930    0.433    4.756    4.382    0.570    2.262     23.400      9.530     24.150      9.270
    4.441    0.501    2.543    1.911    0.307    3.922     23.550     40.620     24.000     40.880
    5.468    0.440    0.118    3.398    1.003    3.499     23.550     41.480     23.700     41.920
    2.782    0.155    3.461    6.117    1.286    0.239     23.850      2.680     24.750      0.610
    6.117    1.286    0.239    1.394    0.773    5.434     23.850      2.680     24.600      3.460
    1.107    0.461    5.924    1.583    0.629    4.082     24.000     22.690     24.000     22.000
    1.107    0.461    5.924    1.583    0.629    4.082     24.000     22.000     25.350     21.910
    1.583    0.629    4.082    4.831    0.409    0.807     24.000     22.690     25.500     23.210
    5.468    0.440    0.118    5.764    0.520    0.580     24.000     41.740     24.000     41.920
    5.767    0.520    0.569    2.084    0.397    3.698     24.000     42.780     24.000     42.950
    0.930    0.433    4.756    1.090    0.638    5.863     24.150      9.270     25.200     11.780
    1.090    0.638    5.863    4.382    0.570    2.262     24.150      9.270     25.050      8.400
    4.441    0.501    2.543    1.120    0.279    4.910     24.150     41.140     24.600     41.400
    5.764    0.520    0.580    1.120    0.279    4.910     24.150     41.480     24.450     41.480
    5.764    0.520    0.580    0.086    0.217    0.278     24.450     42.180     24.600     42.260
    2.782    0.155    3.461    5.867    0.548    0.023     24.600      0.170     24.750      0.430
    6.117    1.286    0.239    1.457    0.789    5.562     24.600      3.460     24.750      3.550
    5.830    0.961    0.908    5.174    0.562    1.877     24.600     12.120     25.200     13.860
    5.174    0.562    1.877    0.930    0.433    4.756     24.600     12.120     25.200     11.780
    0.086    0.217    0.278    0.404    0.830    5.354     24.600     42.260     24.600     42.440
    5.764    0.520    0.580    0.404    0.830    5.354     24.600     42.260     25.050     42.180
    2.084    0.397    3.698    5.231    0.798    0.683     24.600     42.780     24.600     42.950
    1.457    0.789    5.562    0.597    0.567    5.458     24.750      3.550     24.600      5.020
    1.457    0.789    5.562    0.597    0.567    5.458     24.600      5.020     25.800      6.060
    0.597    0.567    5.458    6.117    1.286    0.239     24.750      3.550     25.350      3.200
    5.764    0.520    0.580    4.441    0.501    2.543     24.750     41.480     25.500     41.920
    4.068    0.718    2.539    4.382    0.570    2.262     25.050      6.670     25.050      8.400
    4.068    0.718    2.539    1.457    0.789    5.562     25.050      6.670     25.650      6.320
    4.068    0.718    2.539    1.090    0.638    5.863     25.050      8.400     27.150      9.270
    6.117    1.286    0.239    0.871    0.627    5.790     25.200      0.690     25.350      1.130
    1.090    0.638    5.863    5.174    0.562    1.877     25.200     11.780     26.550     11.860
    5.174    0.562    1.877    0.033    0.504    6.095     25.200     13.860     27.150     14.120
    5.756    0.514    0.576    0.404    0.830    5.354     25.200     42.260     25.200     42.440
    5.231    0.798    0.683    5.756    0.514    0.576     25.200     42.780     25.200     42.950
    6.117    1.286    0.239    4.227    0.745    2.079     25.350      3.200     25.500      1.210
    4.227    0.745    2.079    0.597    0.567    5.458     25.350      3.200     27.600      4.850
    1.107    0.461    5.924    1.183    0.698    5.443     25.350     21.910     26.250     20.700
    1.183    0.698    5.443    1.583    0.629    4.082     25.350     21.910     25.650     22.430
    1.583    0.629    4.082    1.975    0.872    3.895     25.500     23.210     25.650     22.430
    1.975    0.872    3.895    4.831    0.409    0.807     25.500     23.210     27.600     23.730
    1.457    0.789    5.562    6.262    0.723    5.971     25.650      6.320     25.800      6.060
    6.262    0.723    5.971    4.068    0.718    2.539     25.650      6.320     27.600      7.450
    1.183    0.698    5.443    1.975    0.872    3.895     25.650     22.430     27.600     23.730
    0.597    0.567    5.458    6.262    0.723    5.971     25.800      6.060     27.600      5.540
    0.033    0.504    6.095    0.730    0.856    5.276     26.100     18.530     27.150     14.120
    0.730    0.856    5.276    1.107    0.461    5.924     26.100     18.530     26.250     18.620
    5.647    0.562    0.648    4.441    0.501    2.543     26.100     41.920     26.700     41.920
    1.107    0.461    5.924    4.808    0.516    1.313     26.250     18.620     26.250     20.700
    4.808    0.516    1.313    0.730    0.856    5.276     26.250     18.620     27.600     19.400
    1.183    0.698    5.443    4.808    0.516    1.313     26.250     20.700     27.600     20.610
    5.174    0.562    1.877    1.415    0.522    5.240     26.550     11.860     27.600     13.160
    1.415    0.522    5.240    1.090    0.638    5.863     26.550     11.860     27.300     11.780
    4.441    0.501    2.543    3.396    0.705    3.523     26.850     38.360     28.500     40.700
    3.396    0.705    3.523    4.831    0.409    0.807     26.850     38.360     30.600     35.160
    1.090    0.638    5.863    4.739    1.005    1.808     27.150      9.270     27.150     10.480
    4.739    1.005    1.808    4.068    0.718    2.539     27.150      9.270     27.750      8.400
    4.739    1.005    1.808    5.724    0.640    0.147     27.150     10.480     28.800     11.260
    5.724    0.640    0.147    1.090    0.638    5.863     27.150     10.480     27.300     11.780
    5.174    0.562    1.877    0.730    0.856    5.276     27.150     14.120     27.600     13.160
    4.441    0.501    2.543    3.060    0.280    3.192     27.150     42.180     28.500     40.700
    5.724    0.640    0.147    1.415    0.522    5.240     27.300     11.780     28.350     12.040
    0.597    0.567    5.458    2.273    0.893    4.100     27.600      4.850     27.600      5.540
    2.273    0.893    4.100    4.227    0.745    2.079     27.600      4.850     29.100      3.460
    2.273    0.893    4.100    6.262    0.723    5.971     27.600      5.540     28.500      5.890
    4.068    0.718    2.539    0.562    0.450    5.006     27.600      7.450     27.750      8.400
    0.562    0.450    5.006    6.262    0.723    5.971     27.600      7.450     28.350      6.670
    0.730    0.856    5.276    1.415    0.522    5.240     27.600     13.160     28.350     13.080
    4.808    0.516    1.313    2.687    0.301    3.115     27.600     19.400     27.600     20.610
    2.687    0.301    3.115    0.730    0.856    5.276     27.600     19.400     31.950     18.620
    2.687    0.301    3.115    1.183    0.698    5.443     27.600     20.610     29.400     21.480
    2.687    0.301    3.115    1.183    0.698    5.443     29.400     21.480     32.400     21.130
    1.183    0.698    5.443    4.831    0.409    0.807     27.600     23.730     29.550     23.990
    2.489    0.639    3.392    3.060    0.280    3.192     27.600     42.260     28.200     42.440
    4.822    0.743    2.179    2.489    0.639    3.392     27.600     42.780     27.750     42.700
    4.822    0.743    2.179    6.179    1.235    6.017     27.600     42.950     28.050     43.040
    0.562    0.450    5.006    4.739    1.005    1.808     27.750      8.400     28.800      8.140
    0.562    0.450    5.006    1.062    0.452    5.722     28.350      6.670     28.800      7.620
    1.062    0.452    5.722    6.262    0.723    5.971     28.350      6.670     28.500      5.890
    5.724    0.640    0.147    4.247    0.577    2.213     28.350     12.040     28.800     11.260
    4.247    0.577    2.213    1.415    0.522    5.240     28.350     12.040     28.350     13.080
    4.247    0.577    2.213    0.730    0.856    5.276     28.350     13.080     31.950     14.640
    4.227    0.745    2.079    0.447    0.640    0.008     28.500      1.730     29.100      3.460
    1.062    0.452    5.722    2.273    0.893    4.100     28.500      5.890     29.700      5.890
    3.060    0.280    3.192    3.396    0.705    3.523     28.500     40.700     29.250     40.960
    1.062    0.452    5.722    4.876    0.442    1.176     28.800      7.620     29.700      6.410
    0.562    0.450    5.006    4.876    0.442    1.176     28.800      7.620     28.800      8.140
    4.876    0.442    1.176    4.739    1.005    1.808     28.800      8.140     30.150      9.960
    4.739    1.005    1.808    4.247    0.577    2.213     28.800     11.260     30.150      9.960
    1.076    0.328    4.621    3.060    0.280    3.192     28.800     42.780     28.950     42.700
    0.447    0.640    0.008    2.273    0.893    4.100     29.100      3.460     32.100      4.330
    3.060    0.280    3.192    4.104    0.769    1.617     29.100     42.440     29.700     42.260
    1.076    0.328    4.621    0.003    0.628    0.529     29.100     42.780     29.100     42.950
    1.183    0.698    5.443    5.864    0.798    1.072     29.550     23.990     30.750     23.820
    1.183    0.698    5.443    5.864    0.798    1.072     30.750     23.820     30.600     24.600
    5.864    0.798    1.072    4.831    0.409    0.807     29.550     23.990     30.600     24.600
    3.396    0.705    3.523    3.060    0.280    3.192     29.550     41.140     29.700     41.220
    1.062    0.452    5.722    3.056    0.533    3.107     29.700      5.890     29.700      6.410
    3.056    0.533    3.107    2.273    0.893    4.100     29.700      5.890     31.650      5.630
    4.876    0.442    1.176    3.056    0.533    3.107     29.700      6.410     31.650      6.670
    4.099    0.581    1.854    3.060    0.280    3.192     29.850     41.480     30.000     41.920
    3.396    0.705    3.523    4.099    0.581    1.854     30.000     41.400     30.300     41.920
    4.876    0.442    1.176    4.247    0.577    2.213     30.150      9.960     31.050      9.960
    3.069    0.289    3.195    4.099    0.581    1.854     30.150     42.000     30.300     41.920
    3.396    0.705    3.523    3.069    0.289    3.195     30.300     41.920     30.750     42.180
    4.831    0.409    0.807    1.183    0.698    5.443     30.600     24.600     31.650     25.370
    4.831    0.409    0.807    1.273    0.674    5.708     30.600     35.160     31.500     33.600
    4.831    0.409    0.807    1.273    0.674    5.708     31.500     33.600     31.650     25.370
    1.273    0.674    5.708    3.396    0.705    3.523     30.600     35.160     32.850     36.810
    1.273    0.674    5.708    3.396    0.705    3.523     32.850     36.810     35.100     37.070
    3.069    0.289    3.195    5.483    0.753    1.225     30.600     42.260     30.750     42.180
    3.396    0.705    3.523    5.483    0.753    1.225     30.750     42.180     31.200     42.260
    4.876    0.442    1.176    1.218    0.748    5.444     31.050      9.960     32.400      9.700
    1.218    0.748    5.444    4.247    0.577    2.213     31.050      9.960     32.400     10.220
    3.056    0.533    3.107    3.078    0.450    3.828     31.650      5.630     31.800      6.410
    3.078    0.450    3.828    2.273    0.893    4.100     31.650      5.630     32.100      4.330
    4.876    0.442    1.176    0.626    0.654    4.916     31.650      6.670     33.300      8.490
    0.626    0.654    4.916    3.056    0.533    3.107     31.650      6.670     31.800      6.410
    1.273    0.674    5.708    1.183    0.698    5.443     31.650     25.370     33.900     24.770
    0.626    0.654    4.916    3.078    0.450    3.828     31.800      6.410     33.300      7.620
    4.247    0.577    2.213    2.497    1.000    4.064     31.950     14.640     32.850     13.600
    2.497    1.000    4.064    0.730    0.856    5.276     31.950     14.640     32.700     18.010
    2.687    0.301    3.115    6.227    0.743    6.169     31.950     18.620     32.700     19.920
    6.227    0.743    6.169    0.730    0.856    5.276     31.950     18.620     32.700     18.010
    3.078    0.450    3.828    0.447    0.640    0.008     32.100      4.330     33.450      3.720
    4.876    0.442    1.176    5.449    0.755    0.373     32.400      9.700     33.300      8.490
    5.449    0.755    0.373    1.218    0.748    5.444     32.400      9.700     32.400     10.220
    5.449    0.755    0.373    4.247    0.577    2.213     32.400     10.220     32.850     11.340
    2.687    0.301    3.115    4.064    0.513    2.313     32.400     21.130     32.700     19.920
    4.064    0.513    2.313    1.183    0.698    5.443     32.400     21.130     33.900     22.000
    2.497    1.000    4.064    6.227    0.743    6.169     32.700     18.010     33.750     18.620
    4.064    0.513    2.313    6.227    0.743    6.169     32.700     19.920     34.050     20.180
    2.380    0.628    3.513    3.396    0.705    3.523     32.700     42.260     32.850     42.180
    4.247    0.577    2.213    2.737    0.688    3.112     32.850     11.340     32.850     13.600
    2.737    0.688    3.112    5.449    0.755    0.373     32.850     11.340     34.950     12.380
    2.737    0.688    3.112    2.497    1.000    4.064     32.850     13.600     34.950     12.900
    3.396    0.705    3.523    3.361    0.901    3.634     32.850     42.180     33.600     41.400
    3.396    0.705    3.523    3.361    0.901    3.634     33.600     41.400     33.150     39.920
    3.396    0.705    3.523    3.361    0.901    3.634     33.150     39.920     35.100     37.070
    2.380    0.628    3.513    3.361    0.901    3.634     32.850     42.180     33.150     42.520
    3.361    0.901    3.634    1.633    0.484    4.888     33.150     42.700     33.300     42.780
    1.797    0.630    4.276    1.633    0.484    4.888     33.150     43.040     33.300     42.950
    3.078    0.450    3.828    0.482    0.649    6.280     33.300      7.620     34.200      7.450
    0.482    0.649    6.280    0.626    0.654    4.916     33.300      7.620     33.450      8.400
    5.449    0.755    0.373    0.626    0.654    4.916     33.300      8.490     33.450      8.400
    0.447    0.640    0.008    0.520    0.537    6.121     33.450      3.720     33.900      2.250
    0.520    0.537    6.121    3.078    0.450    3.828     33.450      3.720     34.650      4.070
    0.482    0.649    6.280    5.449    0.755    0.373     33.450      8.400     34.200      9.010
    0.482    0.649    6.280    5.449    0.755    0.373     34.200      9.010     34.950      8.400
    3.361    0.901    3.634    1.797    0.630    4.276     33.600     42.950     33.750     43.040
    6.227    0.743    6.169    5.453    0.793    1.327     33.750     18.620     34.350     19.830
    5.453    0.793    1.327    2.497    1.000    4.064     33.750     18.620     35.550     17.230
    5.453    0.793    1.327    2.497    1.000    4.064     35.550     17.230     35.850     15.680
    5.996    0.437    0.187    1.183    0.698    5.443     33.900     22.000     33.900     24.770
    5.996    0.437    0.187    4.064    0.513    2.313     33.900     22.000     34.050     20.180
    5.996    0.437    0.187    1.273    0.674    5.708     33.900     24.770     36.450     23.990
    5.996    0.437    0.187    6.227    0.743    6.169     34.050     20.180     34.350     19.830
    0.482    0.649    6.280    1.477    0.763    5.185     34.200      7.450     34.950      8.400
    1.477    0.763    5.185    3.078    0.450    3.828     34.200      7.450     35.250      6.150
    3.361    0.901    3.634    2.102    0.583    4.473     34.200     42.950     34.800     42.950
    5.453    0.793    1.327    5.996    0.437    0.187     34.350     19.830     35.700     19.920
    3.078    0.450    3.828    3.574    0.995    2.827     34.650      4.070     35.250      6.150
    3.574    0.995    2.827    0.520    0.537    6.121     34.650      4.070     35.400      2.770
    1.477    0.763    5.185    5.449    0.755    0.373     34.950      8.400     36.450      9.270
    2.737    0.688    3.112    0.785    0.373    5.528     34.950     12.380     34.950     12.900
    0.785    0.373    5.528    5.449    0.755    0.373     34.950     12.380     36.600      9.700
    2.497    1.000    4.064    0.785    0.373    5.528     34.950     12.900     36.600     13.160
    3.361    0.901    3.634    1.273    0.674    5.708     35.100     37.070     38.850     34.900
    1.477    0.763    5.185    3.574    0.995    2.827     35.250      6.150     36.750      5.800
    4.639    0.567    1.831    2.497    1.000    4.064     35.700     15.240     36.600     13.160
    4.639    0.567    1.831    2.497    1.000    4.064     35.700     15.420     35.850     15.680
    5.996    0.437    0.187    4.176    0.724    2.585     35.700     19.920     36.450     23.990
    4.176    0.724    2.585    5.453    0.793    1.327     35.700     19.920     37.950     18.790
    4.639    0.567    1.831    5.453    0.793    1.327     35.850     15.680     36.900     15.760
    4.639    0.567    1.831    5.453    0.793    1.327     36.900     15.760     37.950     18.790
    5.449    0.755    0.373    3.713    0.977    2.257     36.450      9.270     36.600      9.700
    3.713    0.977    2.257    1.477    0.763    5.185     36.450      9.270     37.650      8.400
    4.176    0.724    2.585    1.273    0.674    5.708     36.450     23.990     40.800     26.850
    3.713    0.977    2.257    0.785    0.373    5.528     36.600      9.700     36.750      9.790
    4.639    0.567    1.831    0.785    0.373    5.528     36.600     13.160     38.250     13.420
    3.574    0.995    2.827    4.178    0.910    2.416     36.750      5.800     37.800      4.500
    4.178    0.910    2.416    1.477    0.763    5.185     36.750      5.800     37.650      8.400
    0.785    0.373    5.528    4.868    0.684    1.793     36.750      9.790     38.250     11.860
    4.868    0.684    1.793    3.713    0.977    2.257     36.750      9.790     37.950      9.440
    2.365    0.661    3.368    3.574    0.995    2.827     37.650      3.720     37.800      4.500
    4.178    0.910    2.416    3.713    0.977    2.257     37.650      8.400     38.100      9.180
    2.365    0.661    3.368    4.178    0.910    2.416     37.800      4.500     40.050      4.070
    3.713    0.977    2.257    4.543    0.255    1.606     37.950      9.440     38.100      9.180
    4.543    0.255    1.606    4.868    0.684    1.793     37.950      9.440     39.600     11.260
    4.639    0.567    1.831    4.176    0.724    2.585     37.950     18.790     40.500     19.050
    4.639    0.567    1.831    4.176    0.724    2.585     40.500     19.050     42.900     20.960
    4.178    0.910    2.416    4.543    0.255    1.606     38.100      9.180     39.150      8.400
    6.198    0.343    5.619    0.785    0.373    5.528     38.250     11.860     38.250     13.420
    6.198    0.343    5.619    4.868    0.684    1.793     38.250     11.860     38.400     11.780
    4.639    0.567    1.831    6.198    0.343    5.619     38.250     13.420     39.900     13.680
    4.639    0.567    1.831    6.198    0.343    5.619     39.900     13.680     40.800     12.820
    4.868    0.684    1.793    4.121    0.634    2.889     38.400     11.780     39.600     11.260
    4.121    0.634    2.889    6.198    0.343    5.619     38.400     11.780     40.200     12.300
    1.273    0.674    5.708    4.294    0.718    1.605     38.850     34.900     38.400     31.870
    1.273    0.674    5.708    4.294    0.718    1.605     38.400     31.870     40.800     26.850
    4.294    0.718    1.605    3.361    0.901    3.634     38.850     34.900     41.400     36.200
    4.178    0.910    2.416    4.414    0.776    2.036     39.150      8.400     38.700      7.970
    4.178    0.910    2.416    4.414    0.776    2.036     38.700      7.970     40.200      7.450
    4.414    0.776    2.036    4.543    0.255    1.606     39.150      8.400     40.350      8.230
    4.543    0.255    1.606    4.121    0.634    2.889     39.600     11.260     39.750     11.340
    4.121    0.634    2.889    5.106    0.219    0.744     39.750     11.340     40.200     12.300
    5.106    0.219    0.744    4.543    0.255    1.606     39.750     11.340     40.050     10.480
    5.106    0.219    0.744    4.543    0.255    1.606     40.050     10.480     41.250     10.480
    5.489    0.426    6.020    4.414    0.776    2.036     40.200      7.450     40.800      7.970
    5.489    0.426    6.020    4.178    0.910    2.416     40.200      7.450     41.100      5.370
    5.106    0.219    0.744    6.198    0.343    5.619     40.200     12.300     40.800     12.820
    4.543    0.255    1.606    2.712    0.631    3.589     40.350      8.230     41.250      9.440
    2.712    0.631    3.589    4.414    0.776    2.036     40.350      8.230     40.800      7.970
    4.178    0.910    2.416    4.048    0.743    1.523     40.800      4.330     41.100      5.370
    2.712    0.631    3.589    5.489    0.426    6.020     40.800      7.970     41.400      9.180
    5.106    0.219    0.744    4.639    0.567    1.831     40.800     12.820     42.750     12.040
    4.176    0.724    2.585    4.294    0.718    1.605     40.800     26.850     41.550     26.590
    5.489    0.426    6.020    4.048    0.743    1.523     41.100      5.370     43.650      3.720
    2.712    0.631    3.589    5.364    0.700    1.616     41.250      9.440     41.400      9.180
    5.364    0.700    1.616    4.543    0.255    1.606     41.250      9.440     41.250     10.480
    5.364    0.700    1.616    5.106    0.219    0.744     41.250     10.480     42.900     11.090
    5.489    0.426    6.020    5.364    0.700    1.616     41.400      9.180     43.200      9.530
    4.294    0.718    1.605    0.913    0.618    6.127     41.400     36.200     44.550     32.300
    0.913    0.618    6.127    3.361    0.901    3.634     41.400     36.200     43.800     40.880
    4.176    0.724    2.585    2.388    0.721    4.614     41.550     26.590     43.200     23.210
    2.388    0.721    4.614    4.294    0.718    1.605     41.550     26.590     43.650     27.970
    4.048    0.743    1.523    2.766    0.655    3.972     41.850      2.510     43.650      3.720
    5.106    0.219    0.744    4.395    0.394    1.924     42.750     12.040     42.900     11.090
    4.395    0.394    1.924    4.639    0.567    1.831     42.750     12.040     44.550     14.980
    4.395    0.394    1.924    5.364    0.700    1.616     42.900     11.090     43.350     10.480
    4.176    0.724    2.585    3.940    0.691    2.951     42.900     20.960     43.050     21.910
    3.940    0.691    2.951    4.639    0.567    1.831     42.900     20.960     45.150     19.830
    3.940    0.691    2.951    6.111    0.751    0.641     43.050     21.910     45.150     21.740
    6.111    0.751    0.641    4.176    0.724    2.585     43.050     21.910     43.200     23.210
    5.364    0.700    1.616    4.782    0.443    1.006     43.200      9.530     43.350     10.480
    4.782    0.443    1.006    5.489    0.426    6.020     43.200      9.530     45.750      7.190
    6.111    0.751    0.641    2.388    0.721    4.614     43.200     23.210     44.850     23.470
    3.361    0.901    3.634    3.616    0.706    2.432     43.200     42.780     43.350     42.700
    4.782    0.443    1.006    4.395    0.394    1.924     43.350     10.480     45.900     11.090
    3.361    0.901    3.634    0.054    0.754    5.678     43.350     42.520     43.650     42.180
    2.766    0.655    3.972    5.489    0.426    6.020     43.650      3.720     44.700      3.810
    4.294    0.718    1.605    5.396    0.945    1.449     43.650     27.970     45.150     29.700
    5.396    0.945    1.449    2.388    0.721    4.614     43.650     27.970     45.600     26.850
    5.396    0.945    1.449    2.388    0.721    4.614     45.600     26.850     46.050     24.510
    3.361    0.901    3.634    0.676    0.786    5.767     43.800     41.400     43.800     41.920
    0.676    0.786    5.767    3.291    0.062    4.078     43.950     41.480     44.100     41.920
    4.698    0.365    2.114    0.913    0.618    6.127     44.400     41.220     44.400     33.950
    4.698    0.365    2.114    0.913    0.618    6.127     44.400     33.950     45.150     32.650
    3.291    0.062    4.078    4.698    0.365    2.114     44.400     41.740     44.400     41.920
    4.639    0.567    1.831    1.241    0.198    5.415     44.550     14.980     45.900     17.490
    1.241    0.198    5.415    4.395    0.394    1.924     44.550     14.980     46.350     14.120
    4.294    0.718    1.605    5.642    0.574    1.206     44.550     32.300     45.150     29.700
    0.913    0.618    6.127    5.642    0.574    1.206     44.550     32.300     45.150     32.650
    5.489    0.426    6.020    1.384    0.673    5.010     44.700      3.810     45.300      4.330
    1.384    0.673    5.010    2.766    0.655    3.972     44.700      3.810     46.350      1.650
    3.384    0.069    2.419    2.456    1.004    3.914     44.700     42.260     44.850     42.520
    2.472    0.879    4.182    3.384    0.069    2.419     44.700     42.780     44.850     42.700
    6.111    0.751    0.641    2.790    0.445    4.272     44.850     23.470     45.300     22.690
    2.790    0.445    4.272    2.388    0.721    4.614     44.850     23.470     45.900     24.080
    4.698    0.365    2.114    2.456    1.004    3.914     44.850     42.180     45.300     42.260
    4.639    0.567    1.831    5.410    0.670    0.259     45.150     19.830     45.600     19.570
    5.410    0.670    0.259    3.940    0.691    2.951     45.150     19.830     45.600     20.960
    6.111    0.751    0.641    0.163    0.434    6.023     45.150     21.740     45.300     22.690
    0.163    0.434    6.023    3.940    0.691    2.951     45.150     21.740     45.600     20.960
    5.396    0.945    1.449    5.642    0.574    1.206     45.150     29.700     45.900     29.440
    4.698    0.365    2.114    5.642    0.574    1.206     45.150     32.650     46.650     31.260
    5.489    0.426    6.020    0.915    0.690    5.683     45.300      4.330     44.400      5.540
    5.489    0.426    6.020    0.915    0.690    5.683     44.400      5.540     45.750      7.190
    0.915    0.690    5.683    1.384    0.673    5.010     45.300      4.330     46.050      4.590
    0.163    0.434    6.023    2.790    0.445    4.272     45.300     22.690     45.900     24.080
    4.639    0.567    1.831    4.460    0.810    2.265     45.600     19.570     45.900     17.490
    4.460    0.810    2.265    5.410    0.670    0.259     45.600     19.570     46.650     19.660
    0.163    0.434    6.023    5.410    0.670    0.259     45.600     20.960     46.650     20.870
    4.698    0.365    2.114    4.207    0.487    2.127     45.600     42.440     45.900     42.440
    4.782    0.443    1.006    0.915    0.690    5.683     45.750      7.190     46.650      6.670
    4.395    0.394    1.924    3.803    0.299    2.976     45.900     11.090     46.950     11.860
    3.803    0.299    2.976    4.782    0.443    1.006     45.900     11.090     47.850      8.920
    1.241    0.198    5.415    4.460    0.810    2.265     45.900     17.490     47.400     17.840
    2.388    0.721    4.614    0.163    0.434    6.023     45.900     24.080     46.050     24.510
    5.396    0.945    1.449    1.764    0.261    4.428     45.900     29.440     47.550     25.550
    1.764    0.261    4.428    5.642    0.574    1.206     45.900     29.440     46.800     29.790
    1.764    0.261    4.428    5.642    0.574    1.206     46.800     29.790     46.650     31.260
    4.698    0.365    2.114    0.202    0.750    0.290     45.900     42.440     46.350     42.520
    0.202    0.750    0.290    4.207    0.487    2.127     45.900     42.440     46.050     42.700
    2.686    0.807    3.817    2.766    0.655    3.972     46.050      0.090     46.350      1.650
    0.915    0.690    5.683    6.161    0.342    0.796     46.050      4.590     46.800      6.410
    6.161    0.342    0.796    1.384    0.673    5.010     46.050      4.590     47.850      3.720
    0.163    0.434    6.023    5.396    0.945    1.449     46.050     24.510     46.650     24.510
    2.686    0.807    3.817    1.384    0.673    5.010     46.350      1.650     47.400      1.730
    4.395    0.394    1.924    3.402    0.228    3.830     46.350     14.120     46.950     11.860
    3.402    0.228    3.830    1.241    0.198    5.415     46.350     14.120     48.600     15.240
    4.782    0.443    1.006    2.006    0.569    4.558     46.650      6.670     47.850      8.920
    2.006    0.569    4.558    0.915    0.690    5.683     46.650      6.670     46.800      6.410
    5.410    0.670    0.259    3.132    0.600    3.462     46.650     19.660     46.950     20.180
    3.132    0.600    3.462    4.460    0.810    2.265     46.650     19.660     47.400     19.400
    5.410    0.670    0.259    4.969    0.749    1.717     46.650     20.870     46.950     20.180
    4.969    0.749    1.717    0.163    0.434    6.023     46.650     20.870     48.450     21.740
    0.163    0.434    6.023    5.576    0.381    0.606     46.650     24.510     48.900     23.040
    5.576    0.381    0.606    5.396    0.945    1.449     46.650     24.510     47.550     25.550
    1.764    0.261    4.428    4.698    0.365    2.114     46.650     31.260     52.800     35.510
    0.202    0.750    0.290    4.698    0.365    2.114     46.650     42.520     51.900     40.700
    2.006    0.569    4.558    6.161    0.342    0.796     46.800      6.410     48.300      7.100
    3.402    0.228    3.830    3.803    0.299    2.976     46.950     11.860     49.500     11.780
    4.969    0.749    1.717    3.132    0.600    3.462     46.950     20.180     47.550     20.180
    0.306    0.582    0.146    4.460    0.810    2.265     47.400     17.840     47.400     19.400
    0.306    0.582    0.146    1.241    0.198    5.415     47.400     17.840     48.450     17.580
    3.132    0.600    3.462    0.306    0.582    0.146     47.400     19.400     47.700     19.570
    2.686    0.807    3.817    2.186    0.525    3.879     47.550      0.610     47.700      1.210
    5.115    0.203    0.830    1.384    0.673    5.010     47.550      2.170     47.850      3.720
    4.742    0.266    1.210    3.132    0.600    3.462     47.550     20.180     47.700     19.570
    4.969    0.749    1.717    4.742    0.266    1.210     47.550     20.180     48.450     21.740
    5.576    0.381    0.606    1.764    0.261    4.428     47.550     25.550     48.600     25.630
    0.306    0.582    0.146    4.742    0.266    1.210     47.700     19.570     49.050     18.620
    5.115    0.203    0.830    6.161    0.342    0.796     47.850      3.720     49.800      5.370
    5.115    0.203    0.830    6.161    0.342    0.796     49.800      5.370     49.350      6.320
    2.006    0.569    4.558    3.803    0.299    2.976     47.850      8.920     48.900      9.180
    6.161    0.342    0.796    6.234    0.625    6.000     48.300      7.100     49.350      6.320
    6.234    0.625    6.000    2.006    0.569    4.558     48.300      7.100     49.050      8.230
    0.306    0.582    0.146    2.330    0.493    3.843     48.450     17.580     49.050     18.620
    2.330    0.493    3.843    1.241    0.198    5.415     48.450     17.580     48.900     16.970
    0.163    0.434    6.023    4.742    0.266    1.210     48.450     21.740     49.050     22.780
    1.241    0.198    5.415    1.230    0.401    4.996     48.600     15.240     48.900     16.970
    1.230    0.401    4.996    3.402    0.228    3.830     48.600     15.240     49.800     13.860
    1.764    0.261    4.428    1.842    0.404    4.322     48.600     25.630     49.050     26.410
    1.764    0.261    4.428    1.842    0.404    4.322     49.050     26.410     50.400     25.810
    1.842    0.404    4.322    5.576    0.381    0.606     48.600     25.630     49.500     24.770
    2.006    0.569    4.558    2.829    0.545    2.785     48.900      9.180     49.050      8.230
    2.829    0.545    2.785    3.803    0.299    2.976     48.900      9.180     49.500     10.050
    1.230    0.401    4.996    2.330    0.493    3.843     48.900     16.970     49.350     17.060
    5.576    0.381    0.606    2.467    0.936    4.293     48.900     23.040     49.500     24.770
    2.467    0.936    4.293    0.163    0.434    6.023     48.900     23.040     49.050     22.780
    2.829    0.545    2.785    6.234    0.625    6.000     49.050      8.230     50.400      7.620
    4.742    0.266    1.210    2.330    0.493    3.843     49.050     18.620     49.350     17.060
    2.467    0.936    4.293    4.742    0.266    1.210     49.050     22.780     52.500     19.570
    5.115    0.203    0.830    6.234    0.625    6.000     49.350      6.320     50.850      6.670
    4.742    0.266    1.210    1.230    0.401    4.996     49.350     17.060     52.350     16.710
    3.803    0.299    2.976    5.162    0.682    1.170     49.500     10.050     49.500     11.780
    5.162    0.682    1.170    2.829    0.545    2.785     49.500     10.050     50.250     10.310
    5.162    0.682    1.170    3.402    0.228    3.830     49.500     11.780     49.650     11.860
    2.467    0.936    4.293    1.842    0.404    4.322     49.500     24.770     50.400     25.810
    3.402    0.228    3.830    4.678    0.451    2.246     49.650     11.860     49.800     13.340
    4.678    0.451    2.246    5.162    0.682    1.170     49.650     11.860     50.100     12.120
    4.678    0.451    2.246    6.157    1.246    0.197     49.800     13.340     50.550     12.900
    3.402    0.228    3.830    6.157    1.246    0.197     49.800     13.340     49.800     13.860
    6.157    1.246    0.197    1.230    0.401    4.996     49.800     13.860     52.650     13.940
    4.678    0.451    2.246    2.475    0.601    4.200     50.100     12.120     50.550     12.900
    2.475    0.601    4.200    5.162    0.682    1.170     50.100     12.120     51.900     12.120
    5.162    0.682    1.170    2.326    0.994    3.961     50.250     10.310     51.600     11.090
    5.162    0.682    1.170    2.326    0.994    3.961     51.600     11.090     52.050      9.790
    2.326    0.994    3.961    2.829    0.545    2.785     50.250     10.310     51.900      9.700
    6.234    0.625    6.000    4.080    0.358    2.408     50.400      7.620     50.850      6.670
    4.080    0.358    2.408    2.829    0.545    2.785     50.400      7.620     51.750      8.230
    2.467    0.936    4.293    1.764    0.261    4.428     50.400     25.810     53.850     26.410
    6.157    1.246    0.197    2.475    0.601    4.200     50.550     12.900     52.350     13.420
    4.080    0.358    2.408    5.115    0.203    0.830     50.850      6.670     53.400      6.580
    2.829    0.545    2.785    3.161    0.577    3.888     51.750      8.230     51.900      9.700
    3.161    0.577    3.888    4.080    0.358    2.408     51.750      8.230     53.400      7.970
    3.161    0.577    3.888    2.326    0.994    3.961     51.900      9.700     52.050      9.790
    2.475    0.601    4.200    4.402    0.299    1.195     51.900     12.120     52.350     12.380
    5.162    0.682    1.170    4.402    0.299    1.195     51.900     12.120     52.500     12.120
    0.202    0.750    0.290    1.833    0.757    4.044     51.900     40.700     53.100     42.440
    1.833    0.757    4.044    4.698    0.365    2.114     51.900     40.700     52.650     37.330
    5.162    0.682    1.170    3.161    0.577    3.888     52.050      9.790     53.850     10.310
    2.475    0.601    4.200    5.841    0.524    0.601     52.350     12.380     52.650     12.900
    5.841    0.524    0.601    4.402    0.299    1.195     52.350     12.380     52.500     12.300
    1.230    0.401    4.996    2.844    0.927    3.553     52.350     16.710     52.500     16.280
    2.844    0.927    3.553    4.742    0.266    1.210     52.350     16.710     53.100     17.320
    2.279    0.692    3.933    1.230    0.401    4.996     52.500     16.280     52.650     14.640
    2.844    0.927    3.553    2.279    0.692    3.933     52.500     16.280     54.150     16.190
    4.742    0.266    1.210    4.020    0.367    2.176     52.500     19.570     53.250     18.100
    4.020    0.367    2.176    2.467    0.936    4.293     52.500     19.570     53.850     19.830
    5.841    0.524    0.601    1.753    0.700    4.780     52.650     12.380     52.800     12.820
    5.703    0.657    0.739    1.230    0.401    4.996     52.650     13.940     52.650     14.640
    5.703    0.657    0.739    6.157    1.246    0.197     52.650     13.940     52.800     13.860
    5.703    0.657    0.739    2.279    0.692    3.933     52.650     14.640     54.600     15.760
    1.850    0.761    4.817    4.698    0.365    2.114     52.650     37.330     52.800     35.510
    1.833    0.757    4.044    1.850    0.761    4.817     52.650     37.330     53.100     35.510
    5.162    0.682    1.170    1.753    0.700    4.780     52.800     12.300     52.950     12.380
    1.850    0.761    4.817    1.764    0.261    4.428     52.800     35.510     53.100     35.510
    1.753    0.700    4.780    1.698    0.782    4.728     53.100     12.640     53.100     12.820
    4.742    0.266    1.210    4.244    0.546    2.436     53.100     17.320     53.250     18.100
    4.244    0.546    2.436    2.844    0.927    3.553     53.100     17.320     54.150     17.230
    1.833    0.757    4.044    1.764    0.261    4.428     53.100     35.510     55.350     34.380
    4.020    0.367    2.176    4.244    0.546    2.436     53.250     18.100     54.000     18.530
    5.670    0.748    0.471    1.833    0.757    4.044     53.250     42.520     55.050     42.000
    5.115    0.203    0.830    3.993    0.478    2.567     53.400      6.580     54.300      5.890
    3.993    0.478    2.567    4.080    0.358    2.408     53.400      6.580     53.550      7.190
    3.161    0.577    3.888    5.622    0.721    0.303     53.400      7.970     54.000      8.490
    5.622    0.721    0.303    4.080    0.358    2.408     53.400      7.970     53.550      7.360
    5.162    0.682    1.170    5.270    0.590    0.336     53.400     11.780     53.850     11.520
    0.943    0.596    5.826    1.698    0.782    4.728     53.400     12.300     53.550     12.380
    1.698    0.782    4.728    5.548    0.465    0.442     53.400     12.820     53.550     12.380
    5.548    0.465    0.442    0.943    0.596    5.826     53.550     12.380     53.850     12.380
    3.993    0.478    2.567    5.622    0.721    0.303     53.850      7.360     54.600      7.450
    0.066    0.489    5.800    5.548    0.465    0.442     53.850     12.380     54.000     12.820
    0.066    0.489    5.800    0.943    0.596    5.826     53.850     12.380     54.000     12.300
    4.020    0.367    2.176    1.380    0.559    4.292     53.850     19.830     54.300     18.880
    1.380    0.559    4.292    2.467    0.936    4.293     53.850     19.830     55.800     19.920
    1.764    0.261    4.428    5.111    0.780    0.525     53.850     26.410     54.300     27.190
    5.111    0.780    0.525    2.467    0.936    4.293     53.850     26.410     55.050     26.410
    3.161    0.577    3.888    5.920    0.615    5.970     54.000      8.490     54.150      9.960
    5.920    0.615    5.970    5.622    0.721    0.303     54.000      8.490     54.900      8.140
    4.244    0.546    2.436    2.589    0.970    3.969     54.000     18.530     54.300     17.320
    2.589    0.970    3.969    4.020    0.367    2.176     54.000     18.530     54.300     18.880
    0.066    0.489    5.800    1.227    0.374    5.573     54.150     12.380     54.300     12.820
    2.279    0.692    3.933    5.602    0.452    0.307     54.150     16.190     54.600     15.760
    5.602    0.452    0.307    2.844    0.927    3.553     54.150     16.190     54.150     17.230
    5.602    0.452    0.307    4.244    0.546    2.436     54.150     17.230     54.300     17.320
    5.115    0.203    0.830    6.005    0.647    0.352     54.300      0.690     54.450      1.130
    5.655    0.739    6.243    5.115    0.203    0.830     54.300      5.890     55.350      4.070
    3.993    0.478    2.567    5.655    0.739    6.243     54.300      5.890     55.800      5.020
    2.589    0.970    3.969    5.602    0.452    0.307     54.300     17.320     56.850     17.580
    1.380    0.559    4.292    2.589    0.970    3.969     54.300     18.880     55.800     19.920
    1.764    0.261    4.428    3.917    0.623    3.059     54.300     27.190     55.800     33.080
    3.917    0.623    3.059    5.111    0.780    0.525     54.300     27.190     55.050     26.410
    6.005    0.647    0.352    6.124    0.746    0.639     54.600      0.690     54.600      0.870
    5.622    0.721    0.303    5.342    0.168    1.668     54.600      7.450     54.900      8.140
    5.342    0.168    1.668    3.993    0.478    2.567     54.600      7.450     55.800      7.100
    5.342    0.168    1.668    3.993    0.478    2.567     55.800      7.100     56.250      5.630
    1.227    0.374    5.573    4.062    0.676    1.819     54.600     12.640     54.600     12.820
    5.602    0.452    0.307    5.703    0.657    0.739     54.600     15.760     54.900     15.240
    5.920    0.615    5.970    5.690    0.532    1.271     54.750      9.960     55.350      8.230
    0.595    0.250    0.171    6.124    0.746    0.639     54.900      1.210     55.050      1.130
    5.115    0.203    0.830    1.766    0.426    4.708     54.900      1.730     55.350      1.990
    5.342    0.168    1.668    5.920    0.615    5.970     54.900      8.140     55.350      8.230
    3.917    0.623    3.059    2.467    0.936    4.293     55.050     26.410     60.150     21.910
    5.670    0.748    0.471    5.424    0.930    0.418     55.050     42.000     55.350     43.040
    5.424    0.930    0.418    1.833    0.757    4.044     55.050     42.000     57.300     40.700
    5.201    0.929    0.790    0.595    0.250    0.171     55.350      1.130     55.500      1.210
    5.690    0.532    1.271    5.342    0.168    1.668     55.350      8.230     55.950      8.230
    1.787    0.525    3.805    3.834    0.716    2.375     55.350     13.080     55.350     13.420
    1.787    0.525    3.805    0.037    0.757    6.211     55.350     13.600     55.350     13.940
    1.764    0.261    4.428    0.550    0.651    5.807     55.350     34.380     55.800     33.080
    0.550    0.651    5.807    1.833    0.757    4.044     55.350     34.380     56.400     34.990
    1.787    0.525    3.805    4.021    0.537    2.568     55.500     14.200     55.500     14.720
    1.787    0.525    3.805    5.602    0.452    0.307     55.500     14.900     56.850     15.500
    5.201    0.929    0.790    3.765    0.052    2.369     55.650      1.130     55.950      0.610
    5.115    0.203    0.830    0.789    0.690    5.821     55.800      2.770     55.800      3.290
    5.655    0.739    6.243    4.065    0.923    2.439     55.800      5.020     55.950      4.590
    4.065    0.923    2.439    3.993    0.478    2.567     55.800      5.020     55.950      5.110
    2.467    0.936    4.293    2.589    0.970    3.969     55.800     19.920     56.850     19.660
    3.917    0.623    3.059    0.550    0.651    5.807     55.800     33.080     57.000     34.470
    3.917    0.623    3.059    0.550    0.651    5.807     57.000     34.470     56.400     34.990
    5.690    0.532    1.271    1.787    0.525    3.805     55.950      8.230     55.950      9.960
    1.787    0.525    3.805    5.342    0.168    1.668     55.950      8.230     57.450      7.710
    0.789    0.690    5.821    4.970    0.591    1.420     56.100      2.770     56.100      2.940
    4.065    0.923    2.439    4.583    0.155    1.281     56.100      4.850     56.100      5.020
    4.970    0.591    1.420    2.103    0.704    3.984     56.400      2.770     56.550      3.200
    4.557    0.640    1.294    4.970    0.591    1.420     56.400      3.290     56.550      3.200
    4.583    0.155    1.281    5.342    0.168    1.668     56.400      5.540     57.600      6.580
    1.833    0.757    4.044    3.917    0.623    3.059     56.400     34.990     57.300     35.680
    4.557    0.640    1.294    2.103    0.704    3.984     56.550      3.200     56.850      3.200
    4.583    0.155    1.281    5.075    0.711    0.823     56.550      4.070     57.000      3.810
    5.602    0.452    0.307    4.884    0.605    0.785     56.850     15.500     57.300     16.970
    4.884    0.605    0.785    1.787    0.525    3.805     56.850     15.500     59.100     15.760
    2.589    0.970    3.969    1.442    0.795    5.141     56.850     17.580     57.150     18.790
    1.442    0.795    5.141    5.602    0.452    0.307     56.850     17.580     57.300     16.970
    2.467    0.936    4.293    5.584    0.129    0.846     56.850     19.660     57.450     19.830
    5.584    0.129    0.846    2.589    0.970    3.969     56.850     19.660     57.150     18.790
    1.442    0.795    5.141    5.584    0.129    0.846     57.150     18.790     57.600     19.570
    4.884    0.605    0.785    1.442    0.795    5.141     57.300     16.970     59.100     15.930
    3.917    0.623    3.059    0.615    0.424    5.786     57.300     35.680     59.250     36.460
    0.615    0.424    5.786    1.833    0.757    4.044     57.300     35.680     57.450     40.440
    5.424    0.930    0.418    3.822    0.657    1.932     57.300     40.700     57.450     42.700
    3.822    0.657    1.932    1.833    0.757    4.044     57.300     40.700     57.450     40.440
    5.584    0.129    0.846    1.519    1.493    4.754     57.450     19.830     57.600     19.570
    1.519    1.493    4.754    2.467    0.936    4.293     57.450     19.830     57.750     20.700
    1.519    1.493    4.754    2.467    0.936    4.293     57.750     20.700     59.100     20.610
    3.822    0.657    1.932    0.615    0.424    5.786     57.450     40.440     59.250     40.100
    3.822    0.657    1.932    0.919    0.836    5.711     57.450     42.700     58.800     42.780
    0.919    0.836    5.711    5.424    0.930    0.418     57.450     42.700     56.550     43.040
    1.442    0.795    5.141    1.519    1.493    4.754     57.600     19.570     59.100     20.090
    4.583    0.155    1.281    2.501    0.525    4.500     58.350      6.670     58.650      6.670
    1.787    0.525    3.805    4.911    0.778    1.464     58.350      8.920     58.500      9.010
    1.659    1.018    5.122    2.501    0.525    4.500     58.650      6.670     58.800      7.100
    1.659    1.018    5.122    4.583    0.155    1.281     58.650      6.670     58.800      6.580
    5.851    0.583    6.102    1.787    0.525    3.805     58.650      9.440     58.800      9.530
    0.919    0.836    5.711    0.820    0.803    6.225     58.800     42.780     58.350     43.040
    0.820    0.803    6.225    3.822    0.657    1.932     58.800     42.780     60.300     40.880
    1.659    1.018    5.122    6.193    0.250    5.652     59.100      6.930     59.100      7.100
    5.851    0.583    6.102    1.787    0.525    3.805     59.100      9.700     61.050      8.920
    4.884    0.605    0.785    2.646    0.737    4.365     59.100     15.760     59.100     15.930
    2.646    0.737    4.365    1.787    0.525    3.805     59.100     15.760     61.050     14.980
    2.646    0.737    4.365    1.442    0.795    5.141     59.100     15.930     60.600     16.800
    1.442    0.795    5.141    0.946    0.680    5.178     59.100     20.090     61.800     19.570
    1.519    1.493    4.754    0.946    0.680    5.178     59.100     20.090     59.100     20.610
    0.946    0.680    5.178    2.467    0.936    4.293     59.100     20.610     60.150     21.910
    3.917    0.623    3.059    3.381    0.514    2.999     59.250     36.460     64.650     36.810
    3.381    0.514    2.999    0.615    0.424    5.786     59.250     36.460     59.250     40.100
    3.381    0.514    2.999    3.822    0.657    1.932     59.250     40.100     60.300     40.880
    6.086    0.138    0.204    2.594    0.463    3.909     59.850      1.130     60.000      0.690
    5.851    0.583    6.102    0.867    0.690    5.487     60.150      7.190     60.300      7.100
    0.946    0.680    5.178    3.917    0.623    3.059     60.150     21.910     61.500     21.650
    3.381    0.514    2.999    0.820    0.803    6.225     60.300     40.880     62.400     40.880
    1.442    0.795    5.141    4.717    0.551    1.680     60.600     16.800     61.800     19.570
    4.717    0.551    1.680    2.646    0.737    4.365     60.600     16.800     61.050     14.980
    1.470    0.344    5.533    0.479    0.813    5.141     60.900      6.580     60.900      7.100
    1.470    0.344    5.533    5.851    0.583    6.102     60.900      7.620     61.050      8.920
    1.470    0.344    5.533    1.787    0.525    3.805     61.050      8.920     62.550     10.310
    1.470    0.344    5.533    1.787    0.525    3.805     62.550     10.310     64.650     10.480
    4.717    0.551    1.680    1.787    0.525    3.805     61.050     14.980     64.200     13.340
    0.946    0.680    5.178    5.842    0.469    6.078     61.500     21.650     62.250     19.660
    5.842    0.469    6.078    3.917    0.623    3.059     61.500     21.650     68.250     28.670
    4.717    0.551    1.680    0.946    0.680    5.178     61.800     19.570     62.250     19.660
    5.842    0.469    6.078    4.717    0.551    1.680     62.250     19.660     68.700     18.530
    3.381    0.514    2.999    4.141    0.203    3.359     62.400     40.880     65.100     39.320
    4.141    0.203    3.359    0.820    0.803    6.225     62.400     40.880     64.050     42.520
    0.820    0.803    6.225    0.507    0.143    5.308     64.050     42.520     63.450     43.040
    0.507    0.143    5.308    4.141    0.203    3.359     64.050     42.520     64.200     42.440
    4.265    0.397    1.833    4.294    0.295    1.335     64.200      5.370     64.200      5.540
    1.787    0.525    3.805    3.825    0.813    2.014     64.200     13.340     64.350     13.080
    3.825    0.813    2.014    4.717    0.551    1.680     64.200     13.340     64.800     13.340
    4.141    0.203    3.359    2.676    0.423    4.133     64.200     42.440     65.850     40.440
    2.676    0.423    4.133    0.507    0.143    5.308     64.200     42.440     65.250     43.040
    1.470    0.344    5.533    3.510    0.843    2.147     64.650     10.480     65.700      9.700
    3.510    0.843    2.147    1.787    0.525    3.805     64.650     10.480     64.800     10.570
    1.787    0.525    3.805    2.815    0.417    3.698     64.650     11.520     64.650     11.860
    3.381    0.514    2.999    0.367    0.428    5.805     64.650     36.810     65.250     39.060
    0.367    0.428    5.805    3.917    0.623    3.059     64.650     36.810     65.550     35.250
    0.367    0.428    5.805    3.917    0.623    3.059     65.550     35.250     66.600     35.160
    3.510    0.843    2.147    1.787    0.525    3.805     64.950     11.000     65.100     11.090
    3.381    0.514    2.999    0.909    0.928    5.837     65.100     39.320     65.250     39.060
    0.909    0.928    5.837    4.141    0.203    3.359     65.100     39.320     65.850     40.440
    0.367    0.428    5.805    0.909    0.928    5.837     65.250     39.060     67.200     39.660
    1.470    0.344    5.533    2.559    0.472    3.091     65.700      9.700     65.850      9.440
    2.559    0.472    3.091    3.510    0.843    2.147     65.700      9.700     66.150      9.790
    2.676    0.423    4.133    0.909    0.928    5.837     65.850     40.440     66.150     40.440
    4.782    0.335    1.715    3.552    0.591    2.483     66.150      4.590     66.300      5.020
    3.510    0.843    2.147    5.154    0.842    0.925     66.150      9.790     66.900     11.260
    5.154    0.842    0.925    2.559    0.472    3.091     66.150      9.790     66.300      9.530
    2.676    0.423    4.133    4.729    0.720    1.774     66.150     40.440     66.900     41.400
    4.729    0.720    1.774    0.909    0.928    5.837     66.150     40.440     67.200     39.660
    6.159    0.804    0.520    1.470    0.344    5.533     66.600      6.580     66.600      7.100
    3.917    0.623    3.059    3.268    0.568    3.205     66.600     35.160     66.450     33.690
    3.917    0.623    3.059    3.268    0.568    3.205     66.450     33.690     68.400     31.520
    3.268    0.568    3.205    0.367    0.428    5.805     66.600     35.160     70.650     36.460
    6.159    0.804    0.520    4.252    0.533    2.451     66.750      6.670     66.900      7.100
    2.585    0.853    4.003    1.947    0.745    4.123     66.750      8.920     66.900      8.490
    5.388    0.440    1.424    0.170    0.474    5.775     66.750     12.380     66.900     12.820
    5.154    0.842    0.925    2.585    0.853    4.003     66.900      9.010     67.200      8.490
    4.729    0.720    1.774    2.141    0.543    4.843     66.900     41.400     67.200     41.400
    2.141    0.543    4.843    2.676    0.423    4.133     66.900     41.400     65.850     43.040
    5.154    0.842    0.925    0.170    0.474    5.775     67.200     12.640     67.200     12.820
    4.729    0.720    1.774    0.367    0.428    5.805     67.200     39.660     68.100     40.180
    4.729    0.720    1.774    2.452    0.846    4.031     67.200     41.400     68.100     40.180
    2.452    0.846    4.031    2.141    0.543    4.843     67.200     41.400     68.400     42.950
    4.055    0.423    2.351    5.154    0.842    0.925     68.100      8.140     68.550      8.230
    2.452    0.846    4.031    0.367    0.428    5.805     68.100     40.180     69.900     39.320
    4.345    0.364    2.012    6.117    0.315    5.943     68.250      6.670     68.400      7.100
    5.154    0.842    0.925    4.717    0.551    1.680     68.250     13.600     70.650     15.160
    5.842    0.469    6.078    5.051    1.138    1.413     68.250     28.670     70.650     27.970
    5.051    1.138    1.413    3.917    0.623    3.059     68.250     28.670     68.400     31.520
    5.051    1.138    1.413    3.268    0.568    3.205     68.400     31.520     70.650     31.260
    2.452    0.846    4.031    4.489    0.492    1.734     68.400     42.950     69.750     42.520
    4.489    0.492    1.734    2.141    0.543    4.843     68.400     42.950     68.250     43.040
    4.055    0.423    2.351    5.191    0.581    1.287     68.700      7.970     68.700      8.140
    4.717    0.551    1.680    0.174    0.822    5.488     68.700     18.530     68.700     17.320
    4.717    0.551    1.680    0.174    0.822    5.488     68.700     17.320     70.650     15.680
    0.174    0.822    5.488    5.842    0.469    6.078     68.700     18.530     70.650     18.790
    4.489    0.492    1.734    0.854    0.777    4.873     69.750     42.520     70.650     43.040
    0.854    0.777    4.873    2.452    0.846    4.031     69.750     42.520     70.650     40.960
    0.367    0.428    5.805    0.283    0.307    5.601     69.900     39.320     70.650     38.540
    0.283    0.307    5.601    2.452    0.846    4.031     69.900     39.320     70.200     39.660
    2.452    0.846    4.031    1.107    0.729    4.989     70.200     39.660     70.650     40.620
    1.107    0.729    4.989    0.283    0.307    5.601     70.200     39.660     70.650     39.580
