# segment file written by condition_segs: version 05/07/22
# some SrTiO3 data from http://mimp.materials.cmu.edu/~gr20/Grain_Boundary_Data_Archive/SrTiO3_1/SrT
# comment: Some SrTiO3 data from the Grain_Boundary_Data_Archive                                               
#   phi1     PHI      phi2     phi1     PHI      phi2        x1         y1         x2         y2 
    2.457    0.528    3.046    0.530    0.495    5.869      0.000      1.910      1.050      1.130
    2.655    0.478    3.118    0.530    0.495    5.869      0.000      2.770      0.150      3.200
    1.725    0.683    5.244    2.655    0.478    3.118      0.000      3.290      0.150      3.200
    3.114    0.266    3.316    1.725    0.683    5.244      0.000      4.330      2.250      5.630
    0.626    0.887    5.661    3.114    0.266    3.316      0.000      7.450      1.050      7.190
    3.783    0.572    2.988    0.626    0.887    5.661      0.000      9.010      1.350      8.920
    3.783    0.572    2.988    0.671    0.542    5.184      0.000     13.860      2.250     12.040
    0.671    0.542    5.184    4.456    0.715    2.286      0.000     15.420      1.500     14.200
    4.429    0.891    2.382    4.456    0.715    2.286      0.000     15.760      1.500     15.930
    4.429    0.891    2.382    0.012    0.507    6.015      0.000     20.090      1.050     20.180
    0.012    0.507    6.015    3.514    0.396    2.965      0.000     21.650      1.350     21.220
    2.062    0.755    3.738    3.514    0.396    2.965      0.000     22.520      0.600     23.730
    1.926    0.767    4.158    2.062    0.755    3.738      0.000     24.080      0.600     23.730
    2.799    0.652    4.094    1.926    0.767    4.158      0.000     25.810      0.300     26.330
    1.851    0.475    4.659    1.964    0.514    3.557      0.000     32.390      1.650     31.610
    1.851    0.475    4.659    3.434    0.562    2.313      0.000     34.120      1.050     34.900
    3.434    0.562    2.313    1.655    0.423    4.043      0.000     37.240      0.450     37.330
    1.655    0.423    4.043    5.629    0.389    1.391      0.000     39.660      0.300     39.660
    0.530    0.495    5.869    1.725    0.683    5.244      0.150      3.200      2.250      2.170
    5.629    0.389    1.391    3.981    0.900    2.342      0.150     40.100      0.300     39.660
    1.964    0.514    3.557    0.110    0.505    0.148      0.300     28.410      0.600     27.890
    3.981    0.900    2.342    1.655    0.423    4.043      0.300     39.660      0.600     39.320
    2.813    0.655    4.067    1.926    0.767    4.158      0.450     26.590      0.600     26.670
    1.397    0.604    5.533    0.110    0.505    0.148      0.450     27.630      0.600     27.710
    1.655    0.423    4.043    1.053    0.546    4.386      0.450     37.330      0.600     39.320
    1.053    0.546    4.386    3.434    0.562    2.313      0.450     37.330      1.500     36.550
    3.514    0.396    2.965    1.926    0.767    4.158      0.600     23.730      1.650     23.470
    2.813    0.655    4.067    1.397    0.604    5.533      0.600     26.670      0.600     26.850
    1.397    0.604    5.533    1.926    0.767    4.158      0.600     26.670      1.950     26.590
    1.053    0.546    4.386    3.981    0.900    2.342      0.600     39.320      2.250     39.580
    2.457    0.528    3.046    0.808    0.309    6.115      0.750      0.430      1.050      1.130
    1.397    0.604    5.533    1.964    0.514    3.557      0.900     27.890      2.100     27.710
    3.981    0.900    2.342    1.029    0.518    5.891      0.900     42.950      1.500     42.950
    0.808    0.309    6.115    0.530    0.495    5.869      1.050      1.130      2.400      1.730
    0.626    0.887    5.661    5.055    0.684    1.730      1.050      7.190      1.050      7.360
    5.055    0.684    1.730    3.114    0.266    3.316      1.050      7.190      2.250      5.630
    5.055    0.684    1.730    1.320    0.601    5.498      1.050      7.360      2.700      7.970
    1.320    0.601    5.498    0.626    0.887    5.661      1.050      7.360      1.350      8.920
    1.851    0.475    4.659    3.861    0.803    2.703      1.050     34.900      1.650     34.380
    3.861    0.803    2.703    3.434    0.562    2.313      1.050     34.900      1.500     36.030
    1.320    0.601    5.498    3.783    0.572    2.988      1.350      8.920      2.400      9.180
    4.876    0.407    0.961    4.429    0.891    2.382      1.350     20.180      2.400     19.050
    3.514    0.396    2.965    3.035    0.539    3.581      1.350     21.220      2.100     21.480
    3.035    0.539    3.581    0.012    0.507    6.015      1.350     21.220      1.500     20.960
    4.456    0.715    2.286    4.955    0.613    1.013      1.500     14.200      1.500     14.380
    4.955    0.613    1.013    0.671    0.542    5.184      1.500     14.200      2.850     13.600
    4.456    0.715    2.286    4.955    0.613    1.013      1.500     14.720      1.500     15.930
    4.955    0.613    1.013    4.429    0.891    2.382      1.500     15.930      2.550     16.710
    3.434    0.562    2.313    1.053    0.546    4.386      1.500     36.030      1.500     36.200
    1.053    0.546    4.386    3.861    0.803    2.703      1.500     36.030      2.550     34.900
    3.035    0.539    3.581    4.876    0.407    0.961      1.650     20.700      2.700     20.090
    3.514    0.396    2.965    0.023    0.510    5.483      1.650     23.470      2.100     21.480
    0.023    0.510    5.483    1.926    0.767    4.158      1.650     23.470      2.100     24.080
    1.851    0.475    4.659    4.728    0.754    1.389      1.650     31.610      1.650     34.380
    4.728    0.754    1.389    1.964    0.514    3.557      1.650     31.610      2.400     30.830
    4.728    0.754    1.389    3.861    0.803    2.703      1.650     34.380      2.550     34.900
    1.926    0.767    4.158    2.657    0.482    4.285      1.950     26.590      2.400     25.630
    2.657    0.482    4.285    1.397    0.604    5.533      1.950     26.590      2.100     27.710
    0.023    0.510    5.483    3.035    0.539    3.581      2.100     21.480      3.300     21.130
    1.926    0.767    4.158    2.413    0.906    4.285      2.100     24.080      2.400     25.630
    2.413    0.906    4.285    0.023    0.510    5.483      2.100     24.080      3.150     25.550
    1.964    0.514    3.557    2.657    0.482    4.285      2.100     27.710      2.550     28.490
    0.530    0.495    5.869    4.625    0.777    2.240      2.250      2.170      2.400      1.730
    4.625    0.777    2.240    1.725    0.683    5.244      2.250      2.170      4.200      3.290
    5.055    0.684    1.730    1.725    0.683    5.244      2.250      5.630      3.450      6.670
    3.783    0.572    2.988    1.293    0.753    4.724      2.250     12.040      2.850     10.480
    1.293    0.753    4.724    0.671    0.542    5.184      2.250     12.040      3.300     12.300
    4.625    0.777    2.240    0.808    0.309    6.115      2.400      1.730      3.450      0.090
    1.320    0.601    5.498    4.972    0.437    1.958      2.400      9.180      2.700      7.970
    4.972    0.437    1.958    3.783    0.572    2.988      2.400      9.180      2.550      9.440
    4.429    0.891    2.382    0.881    0.905    5.851      2.400     19.050      2.550     16.710
    0.881    0.905    5.851    4.876    0.407    0.961      2.400     19.050      2.550     19.140
    2.657    0.482    4.285    2.413    0.906    4.285      2.400     25.630      3.150     25.550
    3.836    0.431    2.870    1.964    0.514    3.557      2.400     30.830      2.550     28.490
    4.728    0.754    1.389    3.836    0.431    2.870      2.400     30.830      4.200     30.830
    1.053    0.546    4.386    5.143    0.903    0.701      2.400     39.320      3.750     38.880
    4.972    0.437    1.958    4.866    0.586    1.989      2.550      9.440      4.200      9.180
    4.866    0.586    1.989    3.783    0.572    2.988      2.550      9.440      2.850     10.480
    4.955    0.613    1.013    0.881    0.905    5.851      2.550     16.710      3.600     15.930
    4.876    0.407    0.961    4.447    0.411    2.535      2.550     19.140      2.700     20.090
    4.447    0.411    2.535    0.881    0.905    5.851      2.550     19.140      4.800     17.840
    3.836    0.431    2.870    2.657    0.482    4.285      2.550     28.490      4.200     27.890
    4.728    0.754    1.389    1.053    0.546    4.386      2.550     34.900      4.200     34.120
    3.981    0.900    2.342    1.058    0.315    5.692      2.550     42.700      3.300     41.220
    4.972    0.437    1.958    5.055    0.684    1.730      2.700      7.970      3.750      7.880
    4.447    0.411    2.535    3.035    0.539    3.581      2.700     20.090      3.300     21.130
    1.293    0.753    4.724    4.866    0.586    1.989      2.850     10.480      3.450     10.480
    0.671    0.542    5.184    4.288    0.734    2.582      2.850     13.600      3.300     12.300
    4.288    0.734    2.582    4.955    0.613    1.013      2.850     13.600      3.750     14.640
    0.023    0.510    5.483    2.657    0.482    4.285      3.150     25.550      3.750     25.550
    1.293    0.753    4.724    4.288    0.734    2.582      3.300     12.300      4.650     12.040
    4.447    0.411    2.535    0.023    0.510    5.483      3.300     21.130      4.950     21.220
    5.143    0.903    0.701    0.911    0.951    5.815      3.300     40.360      4.200     39.840
    5.055    0.684    1.730    0.890    0.832    4.978      3.450      6.670      4.200      7.450
    0.890    0.832    4.978    1.725    0.683    5.244      3.450      6.670      5.100      5.540
    0.911    0.951    5.815    1.058    0.315    5.692      3.450     41.140      4.200     41.740
    4.866    0.586    1.989    1.393    0.451    4.615      3.600     10.220      4.200     10.050
    1.293    0.753    4.724    4.522    0.387    1.840      3.600     10.570      3.600     10.740
    4.955    0.613    1.013    5.582    0.577    1.473      3.600     15.930      4.050     15.160
    5.582    0.577    1.473    0.881    0.905    5.851      3.600     15.930      5.400     15.930
    5.055    0.684    1.730    2.060    0.405    3.872      3.750      7.880      4.200      7.450
    2.060    0.405    3.872    4.972    0.437    1.958      3.750      7.880      4.350      8.920
    4.288    0.734    2.582    4.980    0.596    1.115      3.750     14.640      5.100     13.860
    4.980    0.596    1.115    4.955    0.613    1.013      3.750     14.640      4.050     15.160
    0.023    0.510    5.483    5.995    0.560    0.363      3.750     25.550      5.100     24.770
    0.023    0.510    5.483    5.995    0.560    0.363      5.100     24.770      5.850     22.780
    5.995    0.560    0.363    2.657    0.482    4.285      3.750     25.550      4.200     27.890
    5.143    0.903    0.701    1.945    0.821    3.706      3.750     38.880      4.200     39.840
    1.945    0.821    3.706    1.053    0.546    4.386      3.750     38.880      4.800     38.280
    0.313    0.702    5.532    1.393    0.451    4.615      4.050     10.310      4.200     10.050
    0.313    0.702    5.532    4.522    0.387    1.840      4.050     10.480      4.050     11.000
    4.980    0.596    1.115    5.582    0.577    1.473      4.050     15.160      5.250     15.500
    1.725    0.683    5.244    3.225    0.183    3.388      4.200      3.290      5.100      5.540
    3.225    0.183    3.388    4.625    0.777    2.240      4.200      3.290      5.700      1.210
    2.060    0.405    3.872    0.890    0.832    4.978      4.200      7.450      5.250      7.190
    4.972    0.437    1.958    4.027    0.884    2.057      4.200      9.180      4.350      8.920
    4.027    0.884    2.057    4.866    0.586    1.989      4.200      9.180      4.800      9.530
    0.313    0.702    5.532    4.866    0.586    1.989      4.200     10.050      4.800      9.530
    1.293    0.753    4.724    0.313    0.702    5.532      4.200     11.600      4.650     12.040
    5.995    0.560    0.363    3.836    0.431    2.870      4.200     27.890      5.700     30.310
    4.728    0.754    1.389    2.628    0.396    3.343      4.200     30.830      4.200     34.120
    2.628    0.396    3.343    3.836    0.431    2.870      4.200     30.830      5.550     30.570
    2.628    0.396    3.343    1.053    0.546    4.386      4.200     34.120      4.650     34.210
    1.945    0.821    3.706    0.911    0.951    5.815      4.200     39.840      5.250     40.440
    1.058    0.315    5.692    1.504    0.598    5.531      4.200     41.740      4.350     42.000
    0.911    0.951    5.815    1.504    0.598    5.531      4.200     41.740      4.650     41.480
    1.058    0.315    5.692    3.165    0.618    3.567      4.200     42.950      4.650     42.700
    2.060    0.405    3.872    4.027    0.884    2.057      4.350      8.920      5.100      8.140
    1.058    0.315    5.692    2.701    0.927    3.978      4.350     42.000      4.800     42.260
    2.701    0.927    3.978    1.504    0.598    5.531      4.350     42.000      4.650     41.480
    0.313    0.702    5.532    4.288    0.734    2.582      4.650     12.040      4.800     12.300
    1.053    0.546    4.386    2.964    0.761    2.975      4.650     34.210      5.400     35.510
    2.964    0.761    2.975    2.628    0.396    3.343      4.650     34.210      5.700     32.560
    2.964    0.761    2.975    2.628    0.396    3.343      5.700     32.560      5.550     30.570
    2.701    0.927    3.978    0.911    0.951    5.815      4.650     41.480      4.800     41.400
    0.313    0.702    5.532    4.027    0.884    2.057      4.800      9.530      6.300     10.050
    0.313    0.702    5.532    4.931    0.493    2.103      4.800     12.300      5.250     12.900
    0.313    0.702    5.532    4.931    0.493    2.103      5.250     12.900      5.700     12.300
    4.931    0.493    2.103    4.288    0.734    2.582      4.800     12.300      5.100     13.860
    4.447    0.411    2.535    1.599    0.054    4.636      4.800     17.840      5.700     19.570
    1.599    0.054    4.636    0.881    0.905    5.851      4.800     17.840      5.850     16.710
    1.053    0.546    4.386    1.423    0.615    5.544      4.800     38.280      5.400     35.510
    1.423    0.615    5.544    1.945    0.821    3.706      4.800     38.280      6.300     39.140
    1.945    0.821    3.706    1.423    0.615    5.544      6.300     39.140      5.550     40.100
    0.023    0.510    5.483    3.660    0.839    2.029      4.950     21.220      5.850     22.780
    3.660    0.839    2.029    4.447    0.411    2.535      4.950     21.220      5.700     19.570
    2.701    0.927    3.978    4.998    0.160    1.399      4.950     41.480      5.100     41.920
    3.225    0.183    3.388    0.890    0.832    4.978      5.100      5.540      5.400      7.100
    2.060    0.405    3.872    5.335    0.779    0.670      5.100      8.140      5.250      7.190
    5.335    0.779    0.670    4.027    0.884    2.057      5.100      8.140      5.550      8.400
    4.931    0.493    2.103    4.980    0.596    1.115      5.100     13.860      5.400     14.900
    5.335    0.779    0.670    0.890    0.832    4.978      5.250      7.190      5.400      7.100
    5.582    0.577    1.473    0.507    0.604    6.208      5.250     15.500      5.400     15.930
    0.507    0.604    6.208    4.980    0.596    1.115      5.250     15.500      5.400     14.900
    2.695    0.927    3.972    4.998    0.160    1.399      5.250     41.480      5.250     42.000
    3.225    0.183    3.388    5.335    0.779    0.670      5.400      7.100      5.550      8.400
    4.931    0.493    2.103    0.507    0.604    6.208      5.400     14.900      7.050     14.120
    0.507    0.604    6.208    0.881    0.905    5.851      5.400     15.930      5.850     16.190
    1.423    0.615    5.544    2.964    0.761    2.975      5.400     35.510      9.300     34.990
    3.225    0.183    3.388    4.027    0.884    2.057      5.550      8.400      6.300      8.490
    3.225    0.183    3.388    4.027    0.884    2.057      6.300      8.490      6.450      9.960
    2.964    0.761    2.975    3.836    0.431    2.870      5.550     30.570      5.700     30.310
    2.695    0.927    3.972    4.058    0.658    2.279      5.550     41.480      5.700     41.920
    5.488    0.358    0.997    4.625    0.777    2.240      5.700      1.210      3.750      0.090
    3.225    0.183    3.388    5.488    0.358    0.997      5.700      1.210      7.050      1.130
    0.313    0.702    5.532    0.304    0.496    5.245      5.700     12.300      6.450     10.310
    0.304    0.496    5.245    4.931    0.493    2.103      5.700     12.300      7.650     12.900
    1.599    0.054    4.636    3.660    0.839    2.029      5.700     19.570      7.800     19.050
    2.964    0.761    2.975    5.995    0.560    0.363      5.700     30.310      9.300     30.480
    0.507    0.604    6.208    2.032    0.638    4.682      5.850     16.190      6.150     16.190
    0.881    0.905    5.851    2.032    0.638    4.682      5.850     16.190      5.850     16.710
    2.032    0.638    4.682    1.599    0.054    4.636      5.850     16.710      6.300     16.280
    5.995    0.560    0.363    3.660    0.839    2.029      5.850     22.780      9.450     22.430
    4.058    0.658    2.279    1.423    0.615    5.544      5.850     40.440      8.700     40.880
    0.507    0.604    6.208    3.643    0.429    3.300      6.150     16.190      7.500     15.420
    3.643    0.429    3.300    2.032    0.638    4.682      6.150     16.190      6.300     16.280
    1.599    0.054    4.636    3.643    0.429    3.300      6.300     16.280      6.600     16.800
    3.225    0.183    3.388    0.304    0.496    5.245      6.600     10.220      7.650     12.900
    1.599    0.054    4.636    6.070    0.139    0.404      6.600     16.800      7.800     19.050
    6.070    0.139    0.404    3.643    0.429    3.300      6.600     16.800      8.250     16.190
    1.424    0.301    5.497    4.058    0.658    2.279      6.600     42.780      7.200     42.950
    5.488    0.358    0.997    1.689    0.686    4.181      7.050      1.130      6.750      0.090
    1.689    0.686    4.181    3.225    0.183    3.388      7.050      1.130      8.700      1.730
    4.931    0.493    2.103    6.039    0.792    0.256      7.050     14.120      7.650     13.080
    6.039    0.792    0.256    0.507    0.604    6.208      7.050     14.120      7.500     15.420
    6.039    0.792    0.256    3.643    0.429    3.300      7.500     15.420      8.250     16.190
    4.931    0.493    2.103    3.225    0.183    3.388      7.650     12.900      7.650     13.080
    3.225    0.183    3.388    6.039    0.792    0.256      7.650     13.080      9.750     12.380
    6.070    0.139    0.404    3.660    0.839    2.029      7.800     19.050      9.000     18.880
    6.039    0.792    0.256    6.070    0.139    0.404      8.250     16.190      9.150     17.580
    3.225    0.183    3.388    5.643    0.655    0.152      8.700      1.730      7.950      3.720
    3.225    0.183    3.388    5.643    0.655    0.152      7.950      3.720      9.000      5.370
    5.643    0.655    0.152    1.689    0.686    4.181      8.700      1.730      8.850      1.650
    1.423    0.615    5.544    1.073    0.574    5.286      8.700     40.880      9.750     40.440
    1.073    0.574    5.286    4.058    0.658    2.279      8.700     40.880      8.700     41.220
    1.689    0.686    4.181    4.428    1.182    1.625      8.850      1.650      8.550      0.090
    4.428    1.182    1.625    5.643    0.655    0.152      8.850      1.650      9.150      1.990
    3.225    0.183    3.388    2.806    0.606    3.650      9.000      5.370      8.850      7.360
    3.225    0.183    3.388    2.806    0.606    3.650      8.850      7.360      9.750      7.710
    2.806    0.606    3.650    5.643    0.655    0.152      9.000      5.370      9.450      5.280
    3.660    0.839    2.029    3.714    0.864    2.432      9.000     18.880      9.900     21.130
    3.714    0.864    2.432    6.070    0.139    0.404      9.000     18.880      9.150     17.580
    1.073    0.574    5.286    4.365    0.400    1.238      9.000     42.440      9.150     42.520
    3.714    0.864    2.432    6.039    0.792    0.256      9.150     17.580     11.700     17.840
    5.995    0.560    0.363    3.351    0.679    2.966      9.300     30.480     10.050     29.700
    3.351    0.679    2.966    2.964    0.761    2.975      9.300     30.480     10.200     33.600
    3.351    0.679    2.966    2.964    0.761    2.975     10.200     33.600      9.300     34.990
    1.423    0.615    5.544    3.351    0.679    2.966      9.300     34.990     11.250     36.810
    4.365    0.400    1.238    1.305    0.150    5.358      9.300     42.780      9.300     42.950
    3.660    0.839    2.029    3.317    0.183    2.276      9.450     22.430      9.900     21.130
    3.317    0.183    2.276    5.995    0.560    0.363      9.450     22.430     10.350     22.430
    1.073    0.574    5.286    1.305    0.150    5.358      9.450     42.700      9.900     42.950
    3.225    0.183    3.388    6.212    0.652    0.586      9.750      7.710     10.500     10.050
    6.212    0.652    0.586    2.806    0.606    3.650      9.750      7.710     10.350      7.360
    6.039    0.792    0.256    1.133    0.634    4.671      9.750     12.380     11.400     13.680
    1.133    0.634    4.671    3.225    0.183    3.388      9.750     12.380     10.500     10.220
    1.073    0.574    5.286    2.429    0.602    3.935      9.750     40.440     11.700     42.440
    2.429    0.602    3.935    1.423    0.615    5.544      9.750     40.440     11.550     38.020
    5.824    0.384    1.091    2.806    0.606    3.650      9.900      5.540     10.350      7.360
    3.714    0.864    2.432    3.317    0.183    2.276      9.900     21.130     10.350     21.220
    5.995    0.560    0.363    3.343    0.416    3.604     10.050     29.700     11.550     24.850
    3.343    0.416    3.604    3.351    0.679    2.966     10.050     29.700     14.850     33.340
    5.643    0.655    0.152    5.807    0.391    1.103     10.200      5.020     10.350      4.590
    5.205    0.169    1.308    4.428    1.182    1.625     10.350      1.990     10.800      1.210
    6.212    0.652    0.586    5.824    0.384    1.091     10.350      7.360     10.950      7.360
    1.382    0.811    5.549    3.317    0.183    2.276     10.350     21.220     10.350     22.430
    1.382    0.811    5.549    3.714    0.864    2.432     10.350     21.220     12.000     19.570
    1.382    0.811    5.549    5.995    0.560    0.363     10.350     22.430     11.550     24.850
    5.643    0.655    0.152    1.938    0.604    4.126     10.500      3.810     10.500      4.500
    1.938    0.604    4.126    5.807    0.391    1.103     10.500      4.850     10.500      5.020
    3.225    0.183    3.388    5.583    0.834    0.407     10.500     10.050     10.500     10.220
    6.212    0.652    0.586    5.583    0.834    0.407     10.500     10.050     11.550      9.790
    5.583    0.834    0.407    1.133    0.634    4.671     10.500     10.220     12.150     10.310
    1.938    0.604    4.126    5.824    0.384    1.091     10.650      5.280     11.550      5.630
    5.625    0.546    0.065    4.428    1.182    1.625     10.800      1.210     10.350      0.090
    5.205    0.169    1.308    5.625    0.546    0.065     10.800      1.210     12.600      0.350
    5.205    0.169    1.308    1.938    0.604    4.126     10.950      3.200     13.350      2.170
    5.824    0.384    1.091    3.931    0.452    2.474     10.950      7.360     11.700      6.580
    3.931    0.452    2.474    6.212    0.652    0.586     10.950      7.360     11.850      7.710
    1.423    0.615    5.544    0.642    0.700    4.958     11.250     36.810     11.550     38.020
    0.642    0.700    4.958    3.351    0.679    2.966     11.250     36.810     14.550     36.980
    6.039    0.792    0.256    3.144    0.687    2.699     11.400     13.680     12.000     15.930
    6.039    0.792    0.256    3.144    0.687    2.699     12.000     15.930     13.650     16.710
    3.144    0.687    2.699    1.133    0.634    4.671     11.400     13.680     12.150     12.900
    5.824    0.384    1.091    6.090    1.209    0.028     11.550      5.630     11.700      6.580
    6.090    1.209    0.028    1.938    0.604    4.126     11.550      5.630     13.200      5.890
    5.583    0.834    0.407    2.135    0.174    4.832     11.550      9.790     12.150     10.310
    2.135    0.174    4.832    6.212    0.652    0.586     11.550      9.790     11.850      7.710
    3.343    0.416    3.604    1.382    0.811    5.549     11.550     24.850     14.100     23.730
    0.642    0.700    4.958    2.429    0.602    3.935     11.550     38.020     13.800     39.660
    6.090    1.209    0.028    3.931    0.452    2.474     11.700      6.580     12.300      7.100
    3.714    0.864    2.432    2.760    0.262    3.216     11.700     17.840     12.000     19.570
    2.760    0.262    3.216    6.039    0.792    0.256     11.700     17.840     13.350     17.580
    2.429    0.602    3.935    3.738    0.859    2.091     11.700     42.440     13.350     43.040
    3.738    0.859    2.091    1.073    0.574    5.286     11.700     42.440     11.250     43.040
    2.135    0.174    4.832    3.931    0.452    2.474     11.850      7.710     12.300      7.620
    2.760    0.262    3.216    1.382    0.811    5.549     12.000     19.570     13.350     18.790
    1.133    0.634    4.671    2.135    0.174    4.832     12.150     10.310     12.600     10.570
    4.347    1.274    1.861    1.133    0.634    4.671     12.150     12.900     12.600     12.120
    3.144    0.687    2.699    4.347    1.274    1.861     12.150     12.900     13.200     13.160
    6.090    1.209    0.028    6.183    0.342    0.086     12.300      7.100     13.050      6.320
    6.183    0.342    0.086    3.931    0.452    2.474     12.300      7.100     12.300      7.620
    6.183    0.342    0.086    2.135    0.174    4.832     12.300      7.620     13.650      7.880
    5.625    0.546    0.065    1.958    0.601    3.939     12.600      0.350     12.750      0.090
    1.958    0.601    3.939    5.205    0.169    1.308     12.600      0.350     13.800      0.690
    3.928    0.731    2.325    1.133    0.634    4.671     12.600     10.570     12.600     12.120
    3.928    0.731    2.325    2.135    0.174    4.832     12.600     10.570     13.200     10.220
    4.347    1.274    1.861    3.928    0.731    2.325     12.600     12.120     13.500     12.820
    6.090    1.209    0.028    5.327    0.886    1.094     13.050      6.320     13.200      5.890
    5.327    0.886    1.094    6.183    0.342    0.086     13.050      6.320     13.950      7.190
    5.327    0.886    1.094    1.938    0.604    4.126     13.200      5.890     14.250      5.110
    2.135    0.174    4.832    5.798    0.528    0.689     13.200     10.220     13.800      8.490
    5.798    0.528    0.689    3.928    0.731    2.325     13.200     10.220     15.300     10.220
    3.144    0.687    2.699    4.106    0.135    2.457     13.200     13.160     13.650     16.710
    4.106    0.135    2.457    4.347    1.274    1.861     13.200     13.160     13.500     12.820
    5.205    0.169    1.308    5.767    0.433    0.809     13.350      2.170     13.800      0.690
    5.767    0.433    0.809    1.938    0.604    4.126     13.350      2.170     14.550      3.720
    5.698    1.016    0.174    2.760    0.262    3.216     13.350     17.580     13.350     18.790
    5.698    1.016    0.174    6.039    0.792    0.256     13.350     17.580     13.800     16.970
    5.698    1.016    0.174    1.382    0.811    5.549     13.350     18.790     15.150     20.180
    3.928    0.731    2.325    4.106    0.135    2.457     13.500     12.820     15.900     11.260
    6.183    0.342    0.086    6.174    0.351    0.221     13.650      7.880     13.950      7.190
    6.174    0.351    0.221    2.135    0.174    4.832     13.650      7.880     13.800      8.490
    4.106    0.135    2.457    6.039    0.792    0.256     13.650     16.710     13.800     16.970
    5.767    0.433    0.809    1.958    0.601    3.939     13.800      0.690     14.250      0.090
    5.798    0.528    0.689    6.174    0.351    0.221     13.800      8.490     14.850      8.400
    4.106    0.135    2.457    5.698    1.016    0.174     13.800     16.970     16.500     16.970
    2.429    0.602    3.935    4.642    0.615    1.925     13.800     39.660     14.100     42.440
    4.642    0.615    1.925    0.642    0.700    4.958     13.800     39.660     15.300     38.800
    6.174    0.351    0.221    5.327    0.886    1.094     13.950      7.190     14.850      6.670
    1.382    0.811    5.549    5.046    0.607    1.211     14.100     23.730     15.150     20.180
    5.046    0.607    1.211    3.343    0.416    3.604     14.100     23.730     15.750     25.550
    4.881    0.478    2.134    1.938    0.604    4.126     14.250      5.110     14.550      3.720
    5.327    0.886    1.094    4.881    0.478    2.134     14.250      5.110     15.150      5.630
    5.767    0.433    0.809    4.881    0.478    2.134     14.550      3.720     15.300      3.810
    3.351    0.679    2.966    3.222    0.550    3.087     14.550     36.980     14.850     33.340
    3.222    0.550    3.087    0.642    0.700    4.958     14.550     36.980     15.300     38.800
    4.642    0.615    1.925    3.168    0.579    3.346     14.550     42.700     14.700     42.780
    5.786    0.292    0.321    6.174    0.351    0.221     14.850      6.670     14.850      8.400
    5.786    0.292    0.321    5.327    0.886    1.094     14.850      6.670     15.150      5.630
    5.786    0.292    0.321    5.798    0.528    0.689     14.850      8.400     15.000      8.490
    3.343    0.416    3.604    3.222    0.550    3.087     14.850     33.340     16.500     32.560
    5.798    0.528    0.689    1.640    0.199    4.665     15.000      8.490     15.300     10.220
    1.640    0.199    4.665    5.786    0.292    0.321     15.000      8.490     18.000      9.010
    5.786    0.292    0.321    4.881    0.478    2.134     15.150      5.630     15.600      5.020
    5.046    0.607    1.211    5.698    1.016    0.174     15.150     20.180     18.150     18.100
    4.881    0.478    2.134    3.223    0.506    2.574     15.300      3.810     15.600      5.020
    3.223    0.506    2.574    5.767    0.433    0.809     15.300      3.810     16.800      2.420
    3.223    0.506    2.574    5.767    0.433    0.809     16.800      2.420     19.500      1.910
    1.640    0.199    4.665    3.928    0.731    2.325     15.300     10.220     15.900     10.570
    3.222    0.550    3.087    4.642    0.615    1.925     15.300     38.800     18.600     40.180
    3.223    0.506    2.574    5.786    0.292    0.321     15.600      5.020     18.750      6.150
    5.046    0.607    1.211    4.831    0.409    0.807     15.750     25.550     22.050     21.910
    4.831    0.409    0.807    3.343    0.416    3.604     15.750     25.550     14.550     27.630
    4.831    0.409    0.807    3.343    0.416    3.604     14.550     27.630     16.500     32.560
    4.995    0.564    0.579    3.928    0.731    2.325     15.900     10.570     15.900     11.260
    4.995    0.564    0.579    1.640    0.199    4.665     15.900     10.570     17.550     10.480
    4.995    0.564    0.579    4.106    0.135    2.457     15.900     11.260     16.650     11.340
    4.642    0.615    1.925    3.365    0.649    2.170     15.900     42.950     16.500     42.950
    4.106    0.135    2.457    0.685    0.546    5.332     16.500     16.970     16.950     16.710
    0.685    0.546    5.332    5.698    1.016    0.174     16.500     16.970     18.150     18.100
    4.831    0.409    0.807    3.222    0.550    3.087     16.500     32.560     21.150     35.250
    4.831    0.409    0.807    3.222    0.550    3.087     21.150     35.250     22.500     39.660
    4.106    0.135    2.457    1.242    0.196    4.829     16.650     11.340     17.700     13.680
    1.242    0.196    4.829    4.995    0.564    0.579     16.650     11.340     17.700     10.570
    4.106    0.135    2.457    2.732    0.118    4.065     16.950     16.710     17.700     13.680
    2.732    0.118    4.065    0.685    0.546    5.332     16.950     16.710     20.400     16.800
    1.640    0.199    4.665    2.736    0.409    3.812     17.550     10.480     18.000      9.010
    2.736    0.409    3.812    4.995    0.564    0.579     17.550     10.480     17.700     10.570
    1.242    0.196    4.829    2.736    0.409    3.812     17.700     10.570     20.100     11.600
    2.732    0.118    4.065    1.242    0.196    4.829     17.700     13.680     20.400     12.820
    2.736    0.409    3.812    5.786    0.292    0.321     18.000      9.010     18.900      8.490
    5.046    0.607    1.211    0.685    0.546    5.332     18.150     18.100     18.750     18.100
    4.642    0.615    1.925    4.148    0.742    2.054     18.600     40.180     18.900     42.780
    4.148    0.742    2.054    3.222    0.550    3.087     18.600     40.180     19.050     39.580
    4.148    0.742    2.054    3.222    0.550    3.087     19.050     39.580     22.200     40.180
    5.786    0.292    0.321    2.124    0.634    3.922     18.750      6.150     19.500      7.450
    2.124    0.634    3.922    3.223    0.506    2.574     18.750      6.150     21.000      5.020
    5.046    0.607    1.211    1.107    0.461    5.923     18.750     18.100     22.050     21.910
    1.107    0.461    5.923    0.685    0.546    5.332     18.750     18.100     20.400     16.800
    2.736    0.409    3.812    0.120    0.084    5.662     18.900      8.490     20.700     10.220
    0.120    0.084    5.662    5.786    0.292    0.321     18.900      8.490     19.500      7.450
    0.918    0.336    4.649    5.767    0.433    0.809     19.350      0.430     17.550      0.090
    5.767    0.433    0.809    1.936    0.688    4.477     19.350      0.430     19.500      1.910
    1.936    0.688    4.477    0.918    0.336    4.649     19.350      0.430     20.250      0.090
    1.936    0.688    4.477    3.223    0.506    2.574     19.500      1.910     21.000      2.250
    0.120    0.084    5.662    2.124    0.634    3.922     19.500      7.450     21.900      7.100
    4.148    0.742    2.054    4.464    0.698    1.309     19.500     42.950     20.100     42.780
    1.242    0.196    4.829    5.413    0.505    0.127     20.100     11.600     20.250     12.380
    5.413    0.505    0.127    2.736    0.409    3.812     20.100     11.600     20.400     11.260
    5.092    0.513    1.532    1.936    0.688    4.477     20.250      0.090     21.450      1.470
    1.242    0.196    4.829    5.829    0.962    0.907     20.250     12.380     20.400     12.820
    5.829    0.962    0.907    5.413    0.505    0.127     20.250     12.380     21.000     11.600
    2.736    0.409    3.812    1.162    0.460    4.070     20.400     11.260     20.700     10.220
    1.162    0.460    4.070    5.413    0.505    0.127     20.400     11.260     21.000     11.600
    5.829    0.962    0.907    2.732    0.118    4.065     20.400     12.820     21.150     15.680
    1.107    0.461    5.923    2.732    0.118    4.065     20.400     16.800     21.150     15.680
    0.120    0.084    5.662    1.162    0.460    4.070     20.700     10.220     21.000     10.220
    3.223    0.506    2.574    1.394    0.772    5.434     21.000      2.250     21.000      5.020
    1.394    0.772    5.434    1.936    0.688    4.477     21.000      2.250     21.150      1.990
    1.394    0.772    5.434    2.124    0.634    3.922     21.000      5.020     22.200      6.060
    0.120    0.084    5.662    5.049    0.458    1.396     21.000     10.220     22.500      9.180
    5.049    0.458    1.396    1.162    0.460    4.070     21.000     10.220     21.450     11.520
    5.829    0.962    0.907    1.162    0.460    4.070     21.000     11.600     21.450     11.520
    4.148    0.742    2.054    2.170    0.856    3.829     21.000     42.950     21.450     42.700
    2.797    0.155    3.446    1.936    0.688    4.477     21.150      1.990     21.450      1.470
    1.394    0.772    5.434    2.797    0.155    3.446     21.150      1.990     24.000      2.420
    5.829    0.962    0.907    1.107    0.461    5.923     21.150     15.680     22.500     15.930
    2.797    0.155    3.446    5.092    0.513    1.532     21.450      1.470     22.650      0.090
    5.049    0.458    1.396    5.829    0.962    0.907     21.450     11.520     23.100     11.780
    2.124    0.634    3.922    0.225    0.420    6.156     21.900      7.100     22.200      6.060
    0.225    0.420    6.156    0.120    0.084    5.662     21.900      7.100     22.350      7.710
    4.148    0.742    2.054    2.188    0.204    5.474     21.900     42.440     22.500     40.700
    1.107    0.461    5.923    4.831    0.409    0.807     22.050     21.910     24.000     22.690
    0.225    0.420    6.156    1.394    0.772    5.434     22.200      6.060     22.500      6.060
    0.120    0.084    5.662    4.371    0.576    2.271     22.350      7.710     22.500      9.180
    4.371    0.576    2.271    0.225    0.420    6.156     22.350      7.710     22.650      6.320
    1.394    0.772    5.434    1.456    0.789    5.564     22.500      6.060     23.250      4.070
    1.394    0.772    5.434    1.456    0.789    5.564     23.250      4.070     24.600      3.460
    1.456    0.789    5.564    0.225    0.420    6.156     22.500      6.060     22.650      6.320
    4.371    0.576    2.271    5.049    0.458    1.396     22.500      9.180     23.250      9.270
    5.829    0.962    0.907    0.033    0.505    6.096     22.500     15.930     25.500     13.860
    0.033    0.505    6.096    1.107    0.461    5.923     22.500     15.930     26.100     18.360
    3.222    0.550    3.087    4.440    0.502    2.544     22.500     39.660     22.500     39.840
    4.440    0.502    2.544    4.831    0.409    0.807     22.500     39.660     27.150     38.020
    1.456    0.789    5.564    4.371    0.576    2.271     22.650      6.320     25.200      6.410
    4.440    0.502    2.544    3.671    0.894    2.153     22.650     40.100     23.100     40.360
    1.939    0.311    3.889    3.671    0.894    2.153     22.650     40.440     23.100     40.360
    1.939    0.311    3.889    2.188    0.204    5.474     22.650     40.620     23.250     40.960
    5.753    0.508    0.592    2.188    0.204    5.474     22.950     42.520     23.100     42.440
    5.753    0.508    0.592    0.932    0.789    5.374     22.950     42.700     23.100     42.780
    5.049    0.458    1.396    0.926    0.436    4.764     23.100     11.780     23.250      9.270
    0.926    0.436    4.764    5.829    0.962    0.907     23.100     11.780     24.600     12.120
    4.440    0.502    2.544    1.939    0.311    3.889     23.100     40.360     23.400     40.880
    0.926    0.436    4.764    4.371    0.576    2.271     23.250      9.270     24.000      9.530
    2.188    0.204    5.474    5.753    0.508    0.592     23.250     42.180     23.700     41.220
    4.440    0.502    2.544    2.188    0.204    5.474     23.550     41.140     23.700     41.220
    5.753    0.508    0.592    4.440    0.502    2.544     23.700     41.220     25.950     41.480
    2.797    0.155    3.446    3.706    0.365    2.447     24.000      2.420     24.600      1.210
    3.706    0.365    2.447    1.394    0.772    5.434     24.000      2.420     24.600      3.460
    0.926    0.436    4.764    1.089    0.639    5.864     24.000      9.530     25.200     11.780
    1.089    0.639    5.864    4.371    0.576    2.271     24.000      9.530     25.200      8.140
    1.107    0.461    5.923    1.585    0.628    4.082     24.000     22.690     25.350     21.740
    1.585    0.628    4.082    4.831    0.409    0.807     24.000     22.690     25.650     22.950
    1.155    0.675    5.224    2.797    0.155    3.446     24.450      0.430     22.950      0.090
    2.797    0.155    3.446    3.428    1.033    3.467     24.450      0.430     24.600      1.210
    3.428    1.033    3.467    1.155    0.675    5.224     24.450      0.430     25.350      0.090
    3.706    0.365    2.447    3.428    1.033    3.467     24.600      1.210     25.500      1.390
    3.706    0.365    2.447    1.456    0.789    5.564     24.600      3.460     24.750      3.550
    5.829    0.962    0.907    5.174    0.561    1.876     24.600     12.120     25.500     13.860
    5.174    0.561    1.876    0.926    0.436    4.764     24.600     12.120     25.200     11.780
    1.456    0.789    5.564    0.598    0.569    5.456     24.750      3.550     25.050      5.280
    1.456    0.789    5.564    0.598    0.569    5.456     25.050      5.280     26.100      5.890
    0.598    0.569    5.456    3.706    0.365    2.447     24.750      3.550     25.350      3.200
    4.371    0.576    2.271    4.069    0.719    2.538     25.200      6.410     25.200      8.140
    4.069    0.719    2.538    1.456    0.789    5.564     25.200      6.410     25.950      6.320
    4.069    0.719    2.538    1.089    0.639    5.864     25.200      8.140     27.300      9.010
    1.089    0.639    5.864    5.174    0.561    1.876     25.200     11.780     27.000     11.780
    3.706    0.365    2.447    4.224    0.747    2.080     25.350      3.200     25.500      1.390
    4.224    0.747    2.080    0.598    0.569    5.456     25.350      3.200     27.600      4.500
    1.585    0.628    4.082    1.184    0.698    5.442     25.350     21.740     25.650     22.950
    1.184    0.698    5.442    1.107    0.461    5.923     25.350     21.740     26.100     20.090
    3.428    1.033    3.467    4.224    0.747    2.080     25.500      1.390     28.050      1.470
    5.174    0.561    1.876    0.033    0.505    6.096     25.500     13.860     27.150     13.940
    1.184    0.698    5.442    4.831    0.409    0.807     25.650     22.950     30.450     23.990
    1.184    0.698    5.442    4.831    0.409    0.807     30.450     23.990     31.650     25.890
    1.456    0.789    5.564    6.266    0.724    5.966     25.950      6.320     26.100      5.890
    6.266    0.724    5.966    4.069    0.719    2.538     25.950      6.320     27.450      7.190
    6.266    0.724    5.966    0.598    0.569    5.456     26.100      5.890     27.600      5.540
    1.107    0.461    5.923    0.729    0.855    5.276     26.100     18.360     26.100     18.530
    0.729    0.855    5.276    0.033    0.505    6.096     26.100     18.360     27.150     13.940
    0.729    0.855    5.276    4.816    0.513    1.310     26.100     18.530     27.750     19.140
    1.107    0.461    5.923    4.816    0.513    1.310     26.100     18.530     26.100     20.090
    4.816    0.513    1.310    1.184    0.698    5.442     26.100     20.090     27.450     20.180
    5.753    0.508    0.592    4.440    0.502    2.544     26.100     41.740     26.700     42.260
    5.753    0.508    0.592    2.918    0.428    3.783     26.100     42.950     26.250     42.700
    1.089    0.639    5.864    1.418    0.525    5.240     27.000     11.780     28.200     11.260
    1.418    0.525    5.240    5.174    0.561    1.876     27.000     11.780     27.600     13.160
    0.729    0.855    5.276    5.174    0.561    1.876     27.150     13.940     27.600     13.160
    4.831    0.409    0.807    3.397    0.705    3.525     27.150     38.020     31.050     35.250
    3.397    0.705    3.525    4.440    0.502    2.544     27.150     38.020     28.650     40.620
    1.089    0.639    5.864    2.021    0.609    4.358     27.300      9.010     28.200     11.260
    2.021    0.609    4.358    4.069    0.719    2.538     27.300      9.010     27.750      8.400
    4.440    0.502    2.544    3.054    0.286    3.201     27.300     41.920     28.650     40.620
    4.069    0.719    2.538    0.565    0.454    4.998     27.450      7.190     27.750      8.400
    0.565    0.454    4.998    6.266    0.724    5.966     27.450      7.190     28.500      6.580
    1.184    0.698    5.442    2.684    0.301    4.689     27.450     20.180     28.650     21.220
    1.184    0.698    5.442    2.684    0.301    4.689     28.650     21.220     32.400     20.960
    2.684    0.301    4.689    4.816    0.513    1.310     27.450     20.180     27.750     19.140
    4.224    0.747    2.080    2.275    0.895    4.097     27.600      4.500     28.800      3.290
    0.598    0.569    5.456    2.275    0.895    4.097     27.600      4.500     27.600      5.540
    2.275    0.895    4.097    6.266    0.724    5.966     27.600      5.540     28.650      5.630
    0.729    0.855    5.276    1.418    0.525    5.240     27.600     13.160     28.500     12.820
    1.115    0.272    4.894    5.216    0.202    1.534     27.600     42.950     27.750     43.040
    0.565    0.454    4.998    2.021    0.609    4.358     27.750      8.400     29.100      8.140
    2.684    0.301    4.689    0.729    0.855    5.276     27.750     19.140     32.250     18.790
    4.224    0.747    2.080    0.444    0.638    0.012     28.050      1.470     28.800      3.290
    0.444    0.638    0.012    3.428    1.033    3.467     28.050      1.470     28.650      0.430
    3.054    0.286    3.201    1.770    0.387    4.766     28.050     42.520     28.500     42.780
    1.770    0.387    4.766    5.216    0.202    1.534     28.050     42.700     28.200     42.950
    2.021    0.609    4.358    1.418    0.525    5.240     28.200     11.260     28.350     11.340
    1.418    0.525    5.240    4.245    0.577    2.215     28.350     11.340     28.500     12.820
    4.245    0.577    2.215    2.021    0.609    4.358     28.350     11.340     30.000      9.700
    6.266    0.724    5.966    1.060    0.459    5.735     28.500      6.580     28.650      5.630
    1.060    0.459    5.735    0.565    0.454    4.998     28.500      6.580     29.100      7.450
    4.245    0.577    2.215    0.729    0.855    5.276     28.500     12.820     31.800     14.200
    1.060    0.459    5.735    2.275    0.895    4.097     28.650      5.630     29.550      5.800
    3.397    0.705    3.525    3.054    0.286    3.201     28.650     40.620     31.350     42.000
    2.275    0.895    4.097    0.444    0.638    0.012     28.800      3.290     32.250      4.240
    0.565    0.454    4.998    4.881    0.443    1.170     29.100      7.450     29.100      8.140
    4.881    0.443    1.170    1.060    0.459    5.735     29.100      7.450     30.000      6.410
    4.881    0.443    1.170    2.021    0.609    4.358     29.100      8.140     30.000      9.700
    3.054    0.286    3.201    1.411    0.352    5.100     29.250     42.700     29.700     42.780
    2.275    0.895    4.097    3.056    0.533    3.104     29.550      5.800     31.950      5.280
    3.056    0.533    3.104    1.060    0.459    5.735     29.550      5.800     30.000      6.410
    4.881    0.443    1.170    3.056    0.533    3.104     30.000      6.410     31.650      6.320
    4.881    0.443    1.170    4.245    0.577    2.215     30.000      9.700     31.050      9.790
    3.054    0.286    3.201    0.315    0.796    5.337     30.600     42.950     31.050     42.700
    0.444    0.638    0.012    1.219    0.212    5.678     31.050      1.130     31.350      1.130
    4.245    0.577    2.215    1.208    0.746    5.450     31.050      9.790     32.400     10.220
    1.208    0.746    5.450    4.881    0.443    1.170     31.050      9.790     32.400      9.700
    3.397    0.705    3.525    1.274    0.674    5.706     31.050     35.250     32.700     36.550
    3.397    0.705    3.525    1.274    0.674    5.706     32.700     36.550     35.250     36.810
    1.274    0.674    5.706    4.831    0.409    0.807     31.050     35.250     31.650     25.890
    3.397    0.705    3.525    0.968    0.835    5.647     31.500     41.920     31.650     41.480
    3.056    0.533    3.104    0.631    0.656    4.914     31.650      6.320     31.950      6.150
    0.631    0.656    4.914    4.881    0.443    1.170     31.650      6.320     32.850      8.230
    1.274    0.674    5.706    1.184    0.698    5.442     31.650     25.890     34.350     24.510
    0.968    0.835    5.647    1.374    0.509    4.803     31.650     41.480     31.800     41.920
    3.397    0.705    3.525    1.374    0.509    4.803     31.650     41.480     31.950     41.480
    0.729    0.855    5.276    2.498    0.999    4.066     31.800     14.200     32.850     17.750
    2.498    0.999    4.066    4.245    0.577    2.215     31.800     14.200     32.850     13.420
    2.275    0.895    4.097    3.075    0.449    3.832     31.950      5.280     32.250      4.240
    3.075    0.449    3.832    3.056    0.533    3.104     31.950      5.280     31.950      6.150
    0.631    0.656    4.914    3.075    0.449    3.832     31.950      6.150     33.600      7.450
    0.954    0.548    4.998    1.374    0.509    4.803     31.950     41.480     32.100     41.920
    0.954    0.548    4.998    3.397    0.705    3.525     31.950     41.480     32.250     41.480
    0.444    0.638    0.012    3.075    0.449    3.832     32.250      4.240     33.450      3.720
    0.729    0.855    5.276    6.223    0.743    6.169     32.250     18.790     32.850     17.750
    6.223    0.743    6.169    2.684    0.301    4.689     32.250     18.790     32.700     20.090
    4.881    0.443    1.170    5.446    0.754    0.377     32.400      9.700     32.850      8.230
    5.446    0.754    0.377    1.208    0.746    5.450     32.400      9.700     32.400     10.220
    5.446    0.754    0.377    4.245    0.577    2.215     32.400     10.220     32.850     11.340
    1.184    0.698    5.442    4.064    0.509    2.316     32.400     20.960     33.900     21.650
    4.064    0.509    2.316    2.684    0.301    4.689     32.400     20.960     32.700     20.090
    0.954    0.548    4.998    2.537    0.275    3.051     32.400     41.740     32.400     41.920
    2.537    0.275    3.051    3.397    0.705    3.525     32.550     41.480     32.850     41.480
    6.223    0.743    6.169    4.064    0.509    2.316     32.700     20.090     33.900     19.570
    2.537    0.275    3.051    0.643    0.223    6.143     32.700     41.920     32.850     41.480
    0.631    0.656    4.914    5.446    0.754    0.377     32.850      8.230     33.150      8.230
    4.245    0.577    2.215    2.735    0.690    3.114     32.850     11.340     32.850     13.420
    2.735    0.690    3.114    5.446    0.754    0.377     32.850     11.340     35.100     12.120
    2.498    0.999    4.066    2.735    0.690    3.114     32.850     13.420     35.100     12.120
    2.498    0.999    4.066    6.223    0.743    6.169     32.850     17.750     33.750     18.100
    0.643    0.223    6.143    3.397    0.705    3.525     32.850     41.480     33.150     41.480
    5.446    0.754    0.377    0.485    0.645    6.272     33.150      8.230     34.200      9.010
    5.446    0.754    0.377    0.485    0.645    6.272     34.200      9.010     35.100      8.140
    0.485    0.645    6.272    0.631    0.656    4.914     33.150      8.230     33.600      7.450
    0.932    0.808    5.744    0.643    0.223    6.143     33.150     41.480     33.300     41.920
    0.932    0.808    5.744    3.397    0.705    3.525     33.150     41.480     35.250     36.810
    0.444    0.638    0.012    0.514    0.534    6.122     33.450      3.720     33.900      1.730
    0.514    0.534    6.122    3.075    0.449    3.832     33.450      3.720     34.650      4.070
    0.485    0.645    6.272    3.075    0.449    3.832     33.600      7.450     34.350      7.360
    6.223    0.743    6.169    5.453    0.793    1.326     33.750     18.100     33.900     19.570
    5.453    0.793    1.326    2.498    0.999    4.066     33.750     18.100     35.700     16.970
    5.453    0.793    1.326    2.498    0.999    4.066     35.700     16.970     35.850     15.500
    5.453    0.793    1.326    4.064    0.509    2.316     33.900     19.570     34.350     19.660
    4.064    0.509    2.316    5.999    0.438    0.183     33.900     21.650     34.350     19.660
    5.999    0.438    0.183    1.184    0.698    5.442     33.900     21.650     34.350     24.510
    3.075    0.449    3.832    1.477    0.764    5.186     34.350      7.360     35.400      6.060
    1.477    0.764    5.186    0.485    0.645    6.272     34.350      7.360     35.100      8.140
    5.999    0.438    0.183    5.453    0.793    1.326     34.350     19.660     35.700     19.920
    5.999    0.438    0.183    1.274    0.674    5.706     34.350     24.510     36.600     23.730
    3.075    0.449    3.832    6.180    0.647    0.443     34.650      4.070     35.400      6.060
    6.180    0.647    0.443    0.514    0.534    6.122     34.650      4.070     35.400      2.250
    1.477    0.764    5.186    5.446    0.754    0.377     35.100      8.140     36.600      9.530
    2.498    0.999    4.066    5.446    0.754    0.377     35.100     12.120     35.250     12.040
    5.446    0.754    0.377    0.764    0.370    5.547     35.250     12.040     36.600      9.530
    0.764    0.370    5.547    2.498    0.999    4.066     35.250     12.040     36.600     13.160
    0.932    0.808    5.744    1.274    0.674    5.706     35.250     36.810     38.850     34.900
    6.180    0.647    0.443    1.477    0.764    5.186     35.400      6.060     36.750      5.800
    5.999    0.438    0.183    4.175    0.724    2.586     35.700     19.920     36.600     23.730
    4.175    0.724    2.586    5.453    0.793    1.326     35.700     19.920     38.100     18.530
    2.498    0.999    4.066    4.639    0.568    1.832     35.850     15.160     36.600     13.160
    4.639    0.568    1.832    0.080    0.770    0.352     35.850     15.160     36.300     15.420
    0.080    0.770    0.352    2.498    0.999    4.066     35.850     15.160     35.850     15.500
    5.453    0.793    1.326    0.080    0.770    0.352     35.850     15.500     36.300     15.420
    4.639    0.568    1.832    5.453    0.793    1.326     36.300     15.420     38.100     18.530
    1.477    0.764    5.186    0.764    0.370    5.547     36.600      9.530     36.900      9.530
    4.639    0.568    1.832    0.764    0.370    5.547     36.600     13.160     37.950     12.900
    4.175    0.724    2.586    1.274    0.674    5.706     36.600     23.730     40.800     26.850
    6.180    0.647    0.443    4.177    0.913    2.419     36.750      5.800     38.100      4.500
    4.177    0.913    2.419    1.477    0.764    5.186     36.750      5.800     37.350      8.920
    0.764    0.370    5.547    4.857    0.686    1.802     36.900      9.530     38.100     11.600
    4.857    0.686    1.802    1.477    0.764    5.186     36.900      9.530     37.200      9.180
    6.180    0.647    0.443    2.380    0.662    3.360     37.050      2.510     38.100      4.500
    1.477    0.764    5.186    4.729    0.700    1.529     37.200      9.180     37.350      8.920
    4.857    0.686    1.802    4.729    0.700    1.529     37.200      9.180     37.800      9.180
    4.177    0.913    2.419    4.729    0.700    1.529     37.350      8.920     37.800      9.180
    4.177    0.913    2.419    4.857    0.686    1.802     37.800      9.180     38.250      9.270
    4.639    0.568    1.832    6.214    0.343    5.608     37.950     12.900     40.050     12.900
    6.214    0.343    5.608    0.764    0.370    5.547     37.950     12.900     38.250     12.380
    2.380    0.662    3.360    4.177    0.913    2.419     38.100      4.500     40.200      4.330
    0.764    0.370    5.547    4.115    0.630    2.898     38.100     11.600     38.250     12.380
    4.115    0.630    2.898    4.857    0.686    1.802     38.100     11.600     39.750     11.000
    4.639    0.568    1.832    4.175    0.724    2.586     38.100     18.530     40.650     18.790
    4.639    0.568    1.832    4.175    0.724    2.586     40.650     18.790     42.900     20.960
    4.857    0.686    1.802    4.530    0.254    1.617     38.250      9.270     39.900     10.570
    4.530    0.254    1.617    4.177    0.913    2.419     38.250      9.270     39.150      8.400
    6.214    0.343    5.608    4.115    0.630    2.898     38.250     12.380     40.050     12.900
    1.844    0.399    4.725    4.718    0.685    1.750     38.850      1.130     39.150      1.130
    1.274    0.674    5.706    4.293    0.718    1.604     38.850     34.900     38.400     31.350
    1.274    0.674    5.706    4.293    0.718    1.604     38.400     31.350     40.800     26.850
    4.293    0.718    1.604    0.932    0.808    5.744     38.850     34.900     41.250     35.770
    4.177    0.913    2.419    4.410    0.774    2.033     39.150      8.400     40.200      7.620
    4.410    0.774    2.033    4.530    0.254    1.617     39.150      8.400     40.350      8.400
    4.857    0.686    1.802    5.103    0.215    0.746     39.750     11.000     39.900     10.570
    5.103    0.215    0.746    4.115    0.630    2.898     39.750     11.000     40.650     12.380
    5.103    0.215    0.746    4.530    0.254    1.617     39.900     10.570     41.400     10.220
    4.639    0.568    1.832    4.115    0.630    2.898     40.050     12.900     40.650     12.380
    4.177    0.913    2.419    4.044    0.741    1.520     40.200      4.330     41.100      5.370
    4.044    0.741    1.520    2.380    0.662    3.360     40.200      4.330     40.800      3.460
    4.177    0.913    2.419    5.489    0.426    1.307     40.200      7.620     41.100      7.100
    4.177    0.913    2.419    5.489    0.426    1.307     41.100      7.100     41.100      5.370
    5.489    0.426    1.307    4.410    0.774    2.033     40.200      7.620     40.800      7.970
    4.410    0.774    2.033    2.721    0.622    3.588     40.350      8.400     40.800      7.970
    2.721    0.622    3.588    4.530    0.254    1.617     40.350      8.400     41.250      9.270
    4.639    0.568    1.832    5.103    0.215    0.746     40.650     12.380     42.900     11.780
    2.721    0.622    3.588    5.489    0.426    1.307     40.800      7.970     41.550      8.920
    4.175    0.724    2.586    4.293    0.718    1.604     40.800     26.850     41.550     26.590
    5.489    0.426    1.307    4.044    0.741    1.520     41.100      5.370     43.650      3.550
    4.530    0.254    1.617    2.280    0.875    4.676     41.250      9.270     41.400     10.220
    2.280    0.875    4.676    2.721    0.622    3.588     41.250      9.270     41.550      8.920
    0.932    0.808    5.744    0.914    0.618    6.124     41.250     35.770     41.700     38.280
    0.932    0.808    5.744    0.914    0.618    6.124     41.700     38.280     43.800     40.880
    0.914    0.618    6.124    4.293    0.718    1.604     41.250     35.770     42.600     35.160
    0.914    0.618    6.124    4.293    0.718    1.604     42.600     35.160     44.550     31.780
    2.280    0.875    4.676    5.103    0.215    0.746     41.400     10.220     42.900     11.090
    5.489    0.426    1.307    2.280    0.875    4.676     41.550      8.920     43.050      9.270
    4.175    0.724    2.586    2.387    0.720    4.616     41.550     26.590     43.350     22.950
    2.387    0.720    4.616    4.293    0.718    1.604     41.550     26.590     43.950     27.630
    2.766    0.655    3.974    4.622    0.637    1.212     41.850      0.090     41.850      0.430
    2.766    0.655    3.974    2.368    0.659    3.354     41.850      2.170     42.300      2.420
    2.368    0.659    3.354    4.044    0.741    1.520     41.850      2.510     42.300      2.420
    2.766    0.655    3.974    4.044    0.741    1.520     42.300      2.420     43.650      3.550
    5.103    0.215    0.746    4.392    0.393    1.927     42.900     11.090     42.900     11.780
    4.392    0.393    1.927    2.280    0.875    4.676     42.900     11.090     43.650     10.310
    4.392    0.393    1.927    4.639    0.568    1.832     42.900     11.780     44.550     14.980
    4.175    0.724    2.586    3.936    0.695    2.954     42.900     20.960     43.350     21.740
    3.936    0.695    2.954    4.639    0.568    1.832     42.900     20.960     45.450     19.310
    2.280    0.875    4.676    4.783    0.444    1.006     43.050      9.270     43.650     10.310
    4.783    0.444    1.006    5.489    0.426    1.307     43.050      9.270     45.600      7.100
    0.932    0.808    5.744    2.333    0.939    3.960     43.200     42.440     43.350     42.180
    4.175    0.724    2.586    6.111    0.750    0.640     43.350     21.740     43.350     22.950
    6.111    0.750    0.640    3.936    0.695    2.954     43.350     21.740     44.700     21.480
    6.111    0.750    0.640    2.387    0.720    4.616     43.350     22.950     45.600     23.210
    5.489    0.426    1.307    2.766    0.655    3.974     43.650      3.550     44.400      3.460
    4.392    0.393    1.927    4.783    0.444    1.006     43.650     10.310     45.900     10.570
    0.914    0.618    6.124    3.430    0.062    2.379     43.800     40.880     44.400     40.880
    0.932    0.808    5.744    3.430    0.062    2.379     43.800     40.880     43.800     41.920
    2.387    0.720    4.616    2.046    0.635    4.885     43.950     27.630     45.600     26.850
    2.387    0.720    4.616    2.046    0.635    4.885     45.600     26.850     46.050     24.850
    2.046    0.635    4.885    4.293    0.718    1.604     43.950     27.630     45.300     29.790
    2.766    0.655    3.974    1.385    0.671    5.008     44.400      3.460     46.650      1.470
    1.385    0.671    5.008    5.489    0.426    1.307     44.400      3.460     44.850      4.240
    0.914    0.618    6.124    4.697    0.364    2.115     44.400     40.880     45.150     32.300
    4.697    0.364    2.115    3.430    0.062    2.379     44.400     40.880     45.750     42.180
    4.639    0.568    1.832    1.247    0.197    5.407     44.550     14.980     44.550     16.190
    4.639    0.568    1.832    1.247    0.197    5.407     44.550     16.190     45.900     17.320
    1.247    0.197    5.407    4.392    0.393    1.927     44.550     14.980     46.800     13.860
    4.293    0.718    1.604    5.642    0.576    1.206     44.550     31.780     45.300     29.790
    5.642    0.576    1.206    0.914    0.618    6.124     44.550     31.780     45.150     32.300
    6.111    0.750    0.640    0.162    0.433    6.022     44.700     21.480     45.600     23.210
    0.162    0.433    6.022    3.936    0.695    2.954     44.700     21.480     45.900     20.610
    1.385    0.671    5.008    0.915    0.691    5.683     44.850      4.240     46.200      4.500
    0.915    0.691    5.683    5.489    0.426    1.307     44.850      4.240     44.400      5.540
    0.915    0.691    5.683    5.489    0.426    1.307     44.400      5.540     45.600      7.100
    5.642    0.576    1.206    4.697    0.364    2.115     45.150     32.300     45.450     31.780
    5.642    0.576    1.206    2.046    0.635    4.885     45.300     29.790     46.200     29.270
    4.639    0.568    1.832    4.461    0.811    2.268     45.450     19.310     45.900     17.320
    4.461    0.811    2.268    3.936    0.695    2.954     45.450     19.310     45.750     19.660
    5.642    0.576    1.206    3.283    0.580    3.406     45.450     31.780     45.900     31.520
    3.283    0.580    3.406    4.697    0.364    2.115     45.450     31.780     46.350     31.610
    0.915    0.691    5.683    4.783    0.444    1.006     45.600      7.100     46.200      6.580
    0.162    0.433    6.022    2.387    0.720    4.616     45.600     23.210     46.050     24.850
    3.936    0.695    2.954    5.423    0.668    0.250     45.750     19.660     45.900     20.610
    5.423    0.668    0.250    4.461    0.811    2.268     45.750     19.660     46.800     19.400
    4.392    0.393    1.927    3.797    0.300    2.983     45.900     10.570     46.950     11.340
    3.797    0.300    2.983    4.783    0.444    1.006     45.900     10.570     47.550      8.400
    4.461    0.811    2.268    1.247    0.197    5.407     45.900     17.320     47.850     17.580
    5.423    0.668    0.250    0.162    0.433    6.022     45.900     20.610     46.800     20.090
    5.642    0.576    1.206    3.420    0.541    3.224     45.900     31.520     46.650     30.740
    3.420    0.541    3.224    3.283    0.580    3.406     45.900     31.520     46.350     31.610
    3.430    0.062    2.379    0.199    0.739    0.290     45.900     42.260     45.900     42.440
    2.688    0.798    3.819    2.766    0.655    3.974     46.050      0.090     46.650      1.470
    2.046    0.635    4.885    0.162    0.433    6.022     46.050     24.850     46.800     24.600
    4.697    0.364    2.115    0.199    0.739    0.290     46.050     42.180     46.200     42.260
    1.385    0.671    5.008    6.168    0.346    0.790     46.200      4.500     47.700      3.460
    6.168    0.346    0.790    0.915    0.691    5.683     46.200      4.500     46.650      6.320
    0.915    0.691    5.683    2.004    0.568    4.557     46.200      6.580     46.650      6.320
    2.004    0.568    4.557    4.783    0.444    1.006     46.200      6.580     47.550      8.400
    5.642    0.576    1.206    1.766    0.261    4.426     46.200     29.270     46.650     30.740
    1.766    0.261    4.426    2.046    0.635    4.885     46.200     29.270     46.200     27.710
    1.766    0.261    4.426    2.046    0.635    4.885     46.200     27.710     48.600     25.630
    0.199    0.739    0.290    4.952    0.500    1.877     46.200     42.260     46.350     42.520
    4.697    0.364    2.115    4.952    0.500    1.877     46.200     42.260     46.800     42.440
    0.199    0.739    0.290    1.390    0.395    4.657     46.200     42.780     46.350     42.700
    4.697    0.364    2.115    3.420    0.541    3.224     46.350     31.610     46.800     31.520
    1.385    0.671    5.008    2.688    0.798    3.819     46.650      1.470     47.400      1.390
    6.168    0.346    0.790    2.004    0.568    4.557     46.650      6.320     48.600      6.410
    1.766    0.261    4.426    3.420    0.541    3.224     46.650     30.740     46.800     31.520
    4.392    0.393    1.927    3.399    0.226    2.264     46.800     13.860     46.200     13.160
    4.392    0.393    1.927    3.399    0.226    2.264     46.200     13.160     46.950     11.340
    3.399    0.226    2.264    1.247    0.197    5.407     46.800     13.860     47.550     14.980
    3.399    0.226    2.264    1.247    0.197    5.407     47.550     14.980     48.600     14.900
    5.423    0.668    0.250    3.130    0.598    3.467     46.800     19.400     46.800     20.090
    3.130    0.598    3.467    4.461    0.811    2.268     46.800     19.400     47.400     19.050
    3.130    0.598    3.467    0.162    0.433    6.022     46.800     20.090     47.400     20.610
    2.046    0.635    4.885    5.575    0.380    0.605     46.800     24.600     48.600     25.110
    5.575    0.380    0.605    0.162    0.433    6.022     46.800     24.600     48.900     23.040
    1.766    0.261    4.426    4.697    0.364    2.115     46.800     31.520     52.800     35.510
    3.399    0.226    2.264    3.797    0.300    2.983     46.950     11.340     49.350     11.520
    4.461    0.811    2.268    0.311    0.587    0.144     47.400     19.050     47.850     17.580
    0.311    0.587    0.144    3.130    0.598    3.467     47.400     19.050     47.850     19.140
    3.130    0.598    3.467    4.741    0.264    1.211     47.400     20.610     47.850     19.140
    4.741    0.264    1.211    0.162    0.433    6.022     47.400     20.610     48.900     22.520
    3.728    0.860    2.884    4.697    0.364    2.115     47.400     42.260     48.750     41.140
    3.728    0.860    2.884    4.697    0.364    2.115     48.750     41.140     51.600     40.880
    1.385    0.671    5.008    5.116    0.201    0.828     47.550      1.470     47.700      3.460
    2.004    0.568    4.557    3.797    0.300    2.983     47.550      8.400     48.900      9.010
    5.116    0.201    0.828    2.688    0.798    3.819     47.700      1.210     47.850      1.130
    5.116    0.201    0.828    6.168    0.346    0.790     47.700      3.460     49.800      6.060
    0.311    0.587    0.144    1.247    0.197    5.407     47.850     17.580     48.600     17.320
    4.741    0.264    1.211    0.311    0.587    0.144     47.850     19.140     49.050     18.270
    4.741    0.264    1.211    0.311    0.587    0.144     49.050     18.270     48.600     17.320
    2.004    0.568    4.557    2.747    0.972    3.342     48.600      6.410     48.900      7.970
    2.747    0.972    3.342    6.168    0.346    0.790     48.600      6.410     49.800      6.060
    3.399    0.226    2.264    1.234    0.401    4.991     48.600     14.900     49.500     13.860
    1.234    0.401    4.991    1.247    0.197    5.407     48.600     14.900     48.900     16.280
    4.741    0.264    1.211    1.247    0.197    5.407     48.600     17.320     48.900     16.280
    2.046    0.635    4.885    1.844    0.403    4.319     48.600     25.110     48.600     25.630
    1.844    0.403    4.319    5.575    0.380    0.605     48.600     25.110     49.500     24.770
    1.766    0.261    4.426    1.844    0.403    4.319     48.600     25.630     50.550     25.550
    2.827    0.544    2.783    2.004    0.568    4.557     48.900      7.970     48.900      9.010
    2.827    0.544    2.783    2.747    0.972    3.342     48.900      7.970     50.400      7.450
    3.797    0.300    2.983    2.827    0.544    2.783     48.900      9.010     49.500      9.530
    4.741    0.264    1.211    1.234    0.401    4.991     48.900     16.280     51.450     17.060
    4.741    0.264    1.211    1.234    0.401    4.991     51.450     17.060     52.650     16.190
    0.162    0.433    6.022    2.468    0.936    4.293     48.900     22.520     48.900     23.040
    2.468    0.936    4.293    4.741    0.264    1.211     48.900     22.520     49.950     22.430
    2.468    0.936    4.293    4.741    0.264    1.211     49.950     22.430     52.650     19.310
    5.575    0.380    0.605    2.468    0.936    4.293     48.900     23.040     49.500     24.770
    3.797    0.300    2.983    5.172    0.677    1.164     49.350     11.520     49.500      9.530
    5.172    0.677    1.164    3.399    0.226    2.264     49.350     11.520     49.500     11.780
    5.172    0.677    1.164    2.827    0.544    2.783     49.500      9.530     50.400     10.050
    5.172    0.677    1.164    4.679    0.452    2.240     49.500     11.780     50.100     12.120
    3.399    0.226    2.264    4.679    0.452    2.240     49.500     11.780     49.500     13.860
    1.234    0.401    4.991    4.679    0.452    2.240     49.500     13.860     50.100     13.860
    2.468    0.936    4.293    1.844    0.403    4.319     49.500     24.770     50.550     25.550
    5.116    0.201    0.828    2.747    0.972    3.342     49.800      6.060     50.550      6.670
    4.679    0.452    2.240    2.471    0.601    4.204     50.100     12.120     50.550     12.900
    2.471    0.601    4.204    5.172    0.677    1.164     50.100     12.120     52.050     11.860
    4.679    0.452    2.240    6.155    1.240    0.208     50.100     13.860     50.550     12.900
    6.155    1.240    0.208    1.234    0.401    4.991     50.100     13.860     52.350     13.940
    2.827    0.544    2.783    4.082    0.356    2.402     50.400      7.450     51.750      8.230
    4.082    0.356    2.402    2.747    0.972    3.342     50.400      7.450     50.550      6.670
    5.172    0.677    1.164    2.325    1.000    3.964     50.400     10.050     52.350      9.960
    2.325    1.000    3.964    2.827    0.544    2.783     50.400     10.050     51.900      9.530
    4.082    0.356    2.402    5.116    0.201    0.828     50.550      6.670     53.400      6.410
    6.155    1.240    0.208    2.471    0.601    4.204     50.550     12.900     52.350     13.080
    2.468    0.936    4.293    1.766    0.261    4.426     50.550     25.550     53.850     25.890
    4.697    0.364    2.115    1.842    0.757    4.034     51.600     40.880     52.500     38.280
    1.842    0.757    4.034    3.728    0.860    2.884     51.600     40.880     53.250     42.000
    2.827    0.544    2.783    3.157    0.579    3.893     51.750      8.230     51.900      9.530
    3.157    0.579    3.893    4.082    0.356    2.402     51.750      8.230     53.400      7.620
    2.325    1.000    3.964    3.157    0.579    3.893     51.900      9.530     52.350      9.960
    3.157    0.579    3.893    5.172    0.677    1.164     52.350      9.960     53.850      9.960
    5.172    0.677    1.164    2.471    0.601    4.204     52.350     12.040     52.500     12.120
    1.234    0.401    4.991    2.279    0.689    3.938     52.350     13.940     52.650     16.190
    2.279    0.689    3.938    6.155    1.240    0.208     52.350     13.940     52.650     13.940
    4.697    0.364    2.115    1.848    0.763    4.816     52.500     38.280     52.650     36.980
    1.848    0.763    4.816    1.842    0.757    4.034     52.500     38.280     52.650     36.980
    2.471    0.601    4.204    2.360    0.429    3.790     52.650     12.380     52.800     12.820
    2.279    0.689    3.938    5.696    0.658    0.743     52.650     13.940     54.300     15.760
    5.696    0.658    0.743    6.155    1.240    0.208     52.650     13.940     52.800     13.680
    2.279    0.689    3.938    4.741    0.264    1.211     52.650     16.190     52.800     16.280
    4.741    0.264    1.211    4.021    0.370    2.170     52.650     19.310     53.250     18.100
    4.021    0.370    2.170    2.468    0.936    4.293     52.650     19.310     54.150     19.660
    4.697    0.364    2.115    1.842    0.757    4.034     52.650     36.980     52.800     36.720
    4.741    0.264    1.211    0.332    0.756    5.804     52.800     16.280     53.100     17.320
    0.332    0.756    5.804    2.279    0.689    3.938     52.800     16.280     54.000     16.280
    4.697    0.364    2.115    1.842    0.757    4.034     52.800     35.510     52.800     35.680
    1.842    0.757    4.034    1.766    0.261    4.426     52.800     35.510     55.350     34.380
    1.842    0.757    4.034    1.835    0.755    4.826     52.800     35.680     52.800     36.720
    4.697    0.364    2.115    1.835    0.755    4.826     52.800     35.680     52.800     36.720
    2.360    0.429    3.790    2.498    0.271    4.404     53.100     12.640     53.100     12.820
    4.741    0.264    1.211    4.270    0.543    2.415     53.100     17.320     53.250     18.100
    4.270    0.543    2.415    0.332    0.756    5.804     53.100     17.320     53.850     17.060
    4.021    0.370    2.170    4.270    0.543    2.415     53.250     18.100     54.150     18.100
    3.728    0.860    2.884    5.665    0.737    0.480     53.250     42.000     52.650     43.040
    5.665    0.737    0.480    1.842    0.757    4.034     53.250     42.000     55.350     42.000
    4.082    0.356    2.402    3.992    0.482    2.569     53.400      6.410     53.850      7.190
    3.992    0.482    2.569    5.116    0.201    0.828     53.400      6.410     54.300      5.540
    4.082    0.356    2.402    5.632    0.726    0.288     53.400      7.620     53.850      7.190
    5.632    0.726    0.288    3.157    0.579    3.893     53.400      7.620     53.850      8.230
    5.330    0.561    0.043    5.172    0.677    1.164     53.400     12.120     53.550     12.040
    5.330    0.561    0.043    2.498    0.271    4.404     53.400     12.300     53.550     12.380
    1.557    0.555    4.180    2.498    0.271    4.404     53.400     12.820     53.550     12.380
    1.557    0.555    4.180    5.330    0.561    0.043     53.550     12.380     53.850     12.380
    5.632    0.726    0.288    3.992    0.482    2.569     53.850      7.190     54.600      7.620
    5.917    0.621    5.971    3.157    0.579    3.893     53.850      8.230     53.850      9.960
    5.917    0.621    5.971    5.632    0.726    0.288     53.850      8.230     54.600      7.620
    5.917    0.621    5.971    5.172    0.677    1.164     53.850      9.960     54.000     10.050
    1.557    0.555    4.180    2.340    0.441    3.813     53.850     12.380     54.000     12.820
    2.340    0.441    3.813    5.330    0.561    0.043     53.850     12.380     54.000     12.300
    4.270    0.543    2.415    3.904    0.817    2.327     53.850     17.060     54.300     17.490
    3.904    0.817    2.327    0.332    0.756    5.804     53.850     17.060     54.000     16.280
    5.114    0.783    0.522    1.766    0.261    4.426     53.850     25.890     53.850     27.110
    1.766    0.261    4.426    5.114    0.783    0.522     53.850     27.110     54.600     27.190
    5.114    0.783    0.522    2.468    0.936    4.293     53.850     25.890     55.050     26.410
    3.904    0.817    2.327    2.279    0.689    3.938     54.000     16.280     54.300     15.930
    2.340    0.441    3.813    6.001    0.681    6.137     54.150     12.380     54.300     12.820
    4.021    0.370    2.170    2.587    0.969    3.972     54.150     18.100     54.600     18.880
    2.587    0.969    3.972    4.270    0.543    2.415     54.150     18.100     54.300     17.490
    2.468    0.936    4.293    1.378    0.565    4.297     54.150     19.660     55.800     19.570
    1.378    0.565    4.297    4.021    0.370    2.170     54.150     19.660     54.600     18.880
    5.116    0.201    0.828    5.642    0.725    6.250     54.300      5.540     55.650      3.200
    5.642    0.725    6.250    3.992    0.482    2.569     54.300      5.540     56.100      5.370
    5.605    0.451    0.308    2.279    0.689    3.938     54.300     15.760     54.300     15.930
    5.605    0.451    0.308    5.696    0.658    0.743     54.300     15.760     54.750     15.160
    5.605    0.451    0.308    3.904    0.817    2.327     54.300     15.930     54.750     17.230
    3.904    0.817    2.327    2.587    0.969    3.972     54.300     17.490     54.750     17.230
    3.992    0.482    2.569    5.917    0.621    5.971     54.600      7.620     54.900      7.620
    6.001    0.681    6.137    2.137    0.809    3.481     54.600     12.640     54.600     12.820
    1.378    0.565    4.297    2.587    0.969    3.972     54.600     18.880     55.800     19.570
    1.766    0.261    4.426    3.917    0.623    3.058     54.600     27.190     54.600     29.960
    1.766    0.261    4.426    3.917    0.623    3.058     54.600     29.960     55.950     33.170
    3.917    0.623    3.058    5.114    0.783    0.522     54.600     27.190     55.050     26.410
    5.605    0.451    0.308    2.587    0.969    3.972     54.750     17.230     56.850     17.580
    2.390    0.622    4.218    5.116    0.201    0.828     54.900      1.390     55.050      1.470
    3.992    0.482    2.569    5.323    0.169    1.694     54.900      7.620     56.100      5.370
    5.323    0.169    1.694    5.917    0.621    5.971     54.900      7.620     55.050      7.880
    5.917    0.621    5.971    5.691    0.531    1.264     54.900      9.700     55.050      7.880
    4.828    0.646    1.290    2.137    0.809    3.481     54.900     12.300     55.050     12.380
    2.137    0.809    3.481    0.980    0.603    4.946     54.900     12.820     55.050     12.380
    2.191    1.010    3.693    2.390    0.622    4.218     55.050      1.130     55.350      1.130
    5.323    0.169    1.694    5.691    0.531    1.264     55.050      7.880     55.800      7.970
    0.980    0.603    4.946    4.828    0.646    1.290     55.050     12.380     55.350     12.380
    3.917    0.623    3.058    2.468    0.936    4.293     55.050     26.410     60.300     22.000
    5.218    0.927    0.740    0.741    0.798    5.657     55.350      0.090     55.350      0.430
    5.218    0.927    0.740    2.191    1.010    3.693     55.350      0.610     55.500      0.690
    3.724    0.396    2.563    2.191    1.010    3.693     55.350      1.130     55.500      0.690
    3.724    0.396    2.563    2.390    0.622    4.218     55.350      1.130     55.500      1.210
    1.785    0.524    3.807    0.980    0.603    4.946     55.350     12.380     55.350     12.900
    1.785    0.524    3.807    4.828    0.646    1.290     55.350     12.380     55.500     12.300
    1.766    0.261    4.426    0.556    0.653    5.804     55.350     34.380     55.950     33.170
    0.556    0.653    5.804    1.842    0.757    4.034     55.350     34.380     57.000     34.990
    5.665    0.737    0.480    5.424    0.928    0.422     55.350     42.000     55.950     43.040
    5.424    0.928    0.422    1.842    0.757    4.034     55.350     42.000     57.450     40.620
    3.724    0.396    2.563    5.218    0.927    0.740     55.500      0.690     55.650      0.610
    5.605    0.451    0.308    1.785    0.524    3.807     55.500     14.720     57.300     15.240
    3.724    0.396    2.563    2.112    0.645    4.679     55.650      1.130     55.800      0.690
    5.116    0.201    0.828    3.178    0.215    2.465     55.650      3.200     55.950      2.680
    5.642    0.725    6.250    3.178    0.215    2.465     55.650      3.200     55.800      3.290
    5.691    0.531    1.264    1.785    0.524    3.807     55.800      7.970     55.950      9.960
    1.785    0.524    3.807    5.323    0.169    1.694     55.800      7.970     57.450      7.360
    2.587    0.969    3.972    2.468    0.936    4.293     55.800     19.570     56.400     19.570
    5.352    0.655    1.698    3.178    0.215    2.465     55.950      3.200     56.100      2.940
    0.556    0.653    5.804    3.917    0.623    3.058     55.950     33.170     57.000     34.990
    2.112    0.645    4.679    1.868    0.883    3.845     56.100      0.690     56.100      0.870
    3.178    0.215    2.465    5.105    0.405    0.572     56.100      2.770     56.100      2.940
    5.352    0.655    1.698    5.105    0.405    0.572     56.100      2.940     56.400      3.290
    5.352    0.655    1.698    5.642    0.725    6.250     56.100      3.460     56.250      3.550
    5.323    0.169    1.694    5.642    0.725    6.250     56.100      5.370     56.250      5.280
    5.303    0.651    1.730    5.105    0.405    0.572     56.250      2.680     56.550      3.200
    5.642    0.725    6.250    4.563    0.158    1.306     56.250      5.280     56.400      3.810
    4.563    0.158    1.306    5.323    0.169    1.694     56.250      5.280     57.600      6.930
    5.303    0.651    1.730    5.649    0.913    0.598     56.400      2.420     56.550      2.510
    5.352    0.655    1.698    5.657    0.979    0.962     56.400      3.290     56.400      3.460
    5.657    0.979    0.962    5.105    0.405    0.572     56.400      3.290     56.550      3.200
    2.587    0.969    3.972    5.569    0.129    0.851     56.400     19.570     57.300     18.530
    5.569    0.129    0.851    2.468    0.936    4.293     56.400     19.570     57.450     19.830
    5.303    0.651    1.730    5.657    0.979    0.962     56.550      3.200     56.850      3.200
    4.563    0.158    1.306    5.657    0.979    0.962     56.550      3.550     57.000      3.290
    5.303    0.651    1.730    1.579    0.340    4.351     56.850      3.200     57.000      2.770
    5.657    0.979    0.962    1.579    0.340    4.351     56.850      3.200     57.000      3.290
    2.587    0.969    3.972    1.443    0.794    5.142     56.850     17.580     57.300     18.530
    1.443    0.794    5.142    5.605    0.451    0.308     56.850     17.580     57.300     16.970
    4.563    0.158    1.306    1.579    0.340    4.351     57.000      3.290     57.300      2.770
    1.842    0.757    4.034    3.917    0.623    3.058     57.000     34.990     57.600     35.510
    5.605    0.451    0.308    4.872    0.607    0.796     57.300     15.240     57.300     16.970
    4.872    0.607    0.796    1.785    0.524    3.807     57.300     15.240     59.250     15.500
    4.872    0.607    0.796    1.443    0.794    5.142     57.300     16.970     59.100     15.930
    1.443    0.794    5.142    5.569    0.129    0.851     57.300     18.530     57.600     19.570
    5.569    0.129    0.851    1.526    1.496    4.761     57.450     19.830     57.600     19.570
    1.526    1.496    4.761    2.468    0.936    4.293     57.450     19.830     59.100     20.090
    1.842    0.757    4.034    3.826    0.655    1.928     57.450     40.620     57.600     40.180
    3.826    0.655    1.928    5.424    0.928    0.422     57.450     40.620     57.600     42.440
    4.563    0.158    1.306    3.401    0.637    2.134     57.600      2.770     57.600      2.940
    5.323    0.169    1.694    0.510    0.271    5.752     57.600      6.930     57.600      7.100
    0.510    0.271    5.752    4.563    0.158    1.306     57.600      6.930     57.900      6.580
    1.443    0.794    5.142    1.526    1.496    4.761     57.600     19.570     59.100     20.090
    1.842    0.757    4.034    0.617    0.423    5.787     57.600     35.510     57.600     40.180
    0.617    0.423    5.787    3.917    0.623    3.058     57.600     35.510     59.550     36.460
    3.826    0.655    1.928    0.617    0.423    5.787     57.600     40.180     59.850     40.100
    3.826    0.655    1.928    0.919    0.824    5.694     57.600     42.440     58.500     42.780
    0.919    0.824    5.694    5.424    0.928    0.422     57.600     42.440     56.550     43.040
    5.633    0.260    6.279    3.401    0.637    2.134     57.900      2.770     58.050      3.200
    0.510    0.271    5.752    5.927    0.396    6.095     57.900      7.100     58.050      6.670
    4.563    0.158    1.306    2.182    0.408    4.445     58.050      3.720     58.350      4.070
    0.919    0.824    5.694    4.596    0.442    2.007     58.500     42.780     58.050     43.040
    4.596    0.442    2.007    3.826    0.655    1.928     58.500     42.780     58.800     42.780
    4.563    0.158    1.306    3.413    0.110    2.551     58.800      4.500     58.800      5.020
    4.596    0.442    2.007    3.877    0.772    1.630     58.800     42.780     58.950     43.040
    3.877    0.772    1.630    3.826    0.655    1.928     58.800     42.780     60.300     40.700
    5.850    0.580    6.104    1.785    0.524    3.807     58.950      8.920     60.150      9.270
    5.850    0.580    6.104    1.785    0.524    3.807     60.150      9.270     61.050      8.400
    4.563    0.158    1.306    2.974    0.688    3.933     59.100      5.890     59.100      6.060
    4.872    0.607    0.796    2.648    0.736    4.364     59.100     15.930     59.250     15.500
    2.648    0.736    4.364    1.443    0.794    5.142     59.100     15.930     60.450     16.710
    1.443    0.794    5.142    2.468    0.936    4.293     59.100     20.090     59.550     20.700
    2.648    0.736    4.364    1.785    0.524    3.807     59.250     15.500     61.050     14.980
    2.974    0.688    3.933    0.953    0.725    5.176     59.400      6.410     59.850      6.320
    3.628    0.655    2.072    0.953    0.725    5.176     59.550      6.670     59.850      6.670
    2.468    0.936    4.293    0.943    0.680    5.182     59.550     20.700     60.300     22.000
    0.943    0.680    5.182    1.443    0.794    5.142     59.550     20.700     61.800     19.400
    3.917    0.623    3.058    3.381    0.514    2.998     59.550     36.460     64.650     36.810
    3.381    0.514    2.998    0.617    0.423    5.787     59.550     36.460     59.850     40.100
    3.381    0.514    2.998    3.826    0.655    1.928     59.850     40.100     60.300     40.700
    3.026    0.712    3.884    0.953    0.725    5.176     60.000      6.410     60.000      6.580
    5.776    0.703    1.280    3.026    0.712    3.884     60.150      6.670     60.450      6.670
    5.776    0.703    1.280    5.850    0.580    6.104     60.300      7.100     60.600      7.100
    3.917    0.623    3.058    0.943    0.680    5.182     60.300     22.000     61.500     21.650
    3.877    0.772    1.630    3.381    0.514    2.998     60.300     40.700     62.400     40.880
    2.648    0.736    4.364    4.718    0.551    1.679     60.450     16.710     61.050     14.980
    4.718    0.551    1.679    1.443    0.794    5.142     60.450     16.710     61.800     19.400
    5.850    0.580    6.104    1.471    0.346    5.532     60.900      7.450     61.050      8.400
    1.471    0.346    5.532    1.785    0.524    3.807     61.050      8.400     63.150     10.310
    1.471    0.346    5.532    1.785    0.524    3.807     63.150     10.310     64.950     10.310
    4.718    0.551    1.679    1.785    0.524    3.807     61.050     14.980     62.550     13.600
    0.943    0.680    5.182    5.842    0.469    6.077     61.500     21.650     62.100     19.570
    5.842    0.469    6.077    3.917    0.623    3.058     61.500     21.650     68.250     28.490
    0.943    0.680    5.182    4.718    0.551    1.679     61.800     19.400     62.100     19.570
    4.718    0.551    1.679    5.842    0.469    6.077     62.100     19.570     68.100     18.530
    3.381    0.514    2.998    4.135    0.204    1.795     62.400     40.880     65.100     39.140
    4.135    0.204    1.795    3.877    0.772    1.630     62.400     40.880     63.750     42.520
    1.471    0.346    5.532    4.722    0.348    1.725     62.550      4.070     62.850      4.070
    1.785    0.524    3.807    1.782    0.539    4.592     62.550     13.600     64.200     13.160
    1.782    0.539    4.592    4.718    0.551    1.679     62.550     13.600     64.200     13.160
    3.877    0.772    1.630    0.500    0.144    5.320     63.750     42.520     63.450     43.040
    0.500    0.144    5.320    4.135    0.204    1.795     63.750     42.520     64.650     42.520
    1.471    0.346    5.532    4.284    0.456    2.008     64.200      4.850     64.350      5.110
    4.718    0.551    1.679    1.785    0.524    3.807     64.200     13.160     64.350     13.080
    4.284    0.456    2.008    1.451    0.419    5.253     64.350      4.590     64.650      4.590
    3.381    0.514    2.998    0.368    0.428    5.806     64.650     36.810     65.100     39.140
    0.368    0.428    5.806    3.917    0.623    3.058     64.650     36.810     66.600     34.990
    0.500    0.144    5.320    2.679    0.426    4.128     64.650     42.520     65.250     43.040
    2.679    0.426    4.128    4.135    0.204    1.795     64.650     42.520     65.850     40.440
    1.785    0.524    3.807    3.516    0.829    2.141     64.950     10.310     65.400     11.090
    1.471    0.346    5.532    3.516    0.829    2.141     64.950     10.310     65.100     10.220
    4.135    0.204    1.795    0.368    0.428    5.806     65.100     39.140     65.400     39.140
    2.055    0.913    3.540    1.103    0.668    5.085     65.250     12.380     65.400     12.300
    4.135    0.204    1.795    0.910    0.926    5.831     65.400     39.140     65.850     40.440
    0.910    0.926    5.831    0.368    0.428    5.806     65.400     39.140     67.200     39.320
    3.516    0.829    2.141    1.471    0.346    5.532     65.550      9.790     65.850      9.440
    1.103    0.668    5.085    2.556    0.779    4.053     65.700     12.640     65.700     12.820
    5.630    1.044    0.903    2.556    0.779    4.053     65.850     12.380     66.150     12.380
    2.679    0.426    4.128    0.910    0.926    5.831     65.850     40.440     66.450     40.440
    5.153    0.840    0.924    1.471    0.346    5.532     66.150      9.270     66.300      9.180
    5.153    0.840    0.924    3.516    0.829    2.141     66.150      9.440     66.300      9.530
    3.516    0.829    2.141    5.153    0.840    0.924     66.450      9.790     67.200     10.570
    3.516    0.829    2.141    5.153    0.840    0.924     67.200     10.570     66.600     11.780
    2.679    0.426    4.128    4.743    0.721    1.764     66.450     40.440     66.900     41.400
    4.743    0.721    1.764    0.910    0.926    5.831     66.450     40.440     67.200     39.320
    5.153    0.840    0.924    1.956    0.463    4.872     66.600      9.010     66.900      8.490
    3.266    0.567    3.208    3.917    0.623    3.058     66.600     34.990     66.450     33.690
    3.266    0.567    3.208    3.917    0.623    3.058     66.450     33.690     68.250     31.260
    0.368    0.428    5.806    3.266    0.567    3.208     66.600     34.990     70.650     36.460
    4.743    0.721    1.764    2.141    0.542    4.844     66.900     41.400     67.200     41.400
    2.141    0.542    4.844    2.679    0.426    4.128     66.900     41.400     65.550     43.040
    5.153    0.840    0.924    1.471    0.346    5.532     67.050      8.400     67.350      8.400
    0.368    0.428    5.806    4.743    0.721    1.764     67.200     39.320     67.800     39.660
    4.743    0.721    1.764    2.452    0.847    4.033     67.200     41.400     67.800     39.660
    2.452    0.847    4.033    2.141    0.542    4.844     67.200     41.400     68.550     42.520
    0.027    0.796    6.234    1.471    0.346    5.532     67.650      8.230     68.700      6.580
    0.027    0.796    6.234    5.153    0.840    0.924     67.650      8.400     69.300      8.490
    2.452    0.847    4.033    0.368    0.428    5.806     67.800     39.660     69.900     39.320
    4.718    0.551    1.679    0.174    0.820    5.489     68.100     18.530     70.650     15.680
    0.174    0.820    5.489    5.842    0.469    6.077     68.100     18.530     70.650     18.790
    4.718    0.551    1.679    5.153    0.840    0.924     68.250     13.420     70.650     15.160
    3.917    0.623    3.058    1.544    0.459    5.045     68.250     28.490     68.250     31.260
    1.544    0.459    5.045    5.842    0.469    6.077     68.250     28.490     70.650     27.630
    1.544    0.459    5.045    3.266    0.567    3.208     68.250     31.260     70.650     31.090
    2.141    0.542    4.844    4.489    0.491    1.740     68.550     42.520     68.250     43.040
    4.489    0.491    1.740    2.452    0.847    4.033     68.550     42.520     70.050     42.520
    5.153    0.840    0.924    2.299    0.892    3.559     69.300      8.490     69.450      8.920
    0.027    0.796    6.234    2.299    0.892    3.559     69.300      8.490     69.450      8.400
    2.299    0.892    3.559    4.113    0.636    1.682     69.450      8.920     69.600      8.490
    5.153    0.840    0.924    4.113    0.636    1.682     69.450      8.920     69.600      9.010
    4.113    0.636    1.682    0.957    0.730    4.604     69.750      8.920     69.900      8.490
    5.153    0.840    0.924    0.957    0.730    4.604     69.900      9.010     70.200      8.490
    0.368    0.428    5.806    0.284    0.302    5.608     69.900     39.320     70.650     38.360
    0.284    0.302    5.608    2.452    0.847    4.033     69.900     39.320     70.650     39.580
    4.489    0.491    1.740    0.858    0.780    4.872     70.050     42.520     70.200     42.780
    0.858    0.780    4.872    2.452    0.847    4.033     70.050     42.520     70.650     40.960
    4.489    0.491    1.740    5.178    0.829    1.274     70.200     42.780     70.350     43.040
    5.178    0.829    1.274    0.858    0.780    4.872     70.200     42.780     70.650     42.700
