# segment file written by condition_segs: version 05/07/22
# some SrTiO3 data from http://mimp.materials.cmu.edu/~gr20/Grain_Boundary_Data_Archive/SrTiO3_1/SrT
# comment: Some SrTiO3 data from the Grain_Boundary_Data_Archive                                               
#   phi1     PHI      phi2     phi1     PHI      phi2        x1         y1         x2         y2 
    0.525    0.494    5.873    1.724    0.683    5.244      0.000      2.420      2.400      1.910
    3.102    0.263    3.329    1.724    0.683    5.244      0.000      2.770      2.400      5.370
    0.627    0.883    5.657    3.102    0.263    3.329      0.000      6.410      0.900      6.410
    0.627    0.883    5.657    3.782    0.575    2.990      0.000      8.140      0.900      7.970
    3.782    0.575    2.990    0.669    0.544    5.189      0.000     12.820      2.400     11.260
    2.317    1.005    3.987    0.005    0.502    6.022      0.000     19.570      1.350     19.830
    2.043    0.763    3.742    0.005    0.502    6.022      0.000     21.480      0.750     21.740
    1.927    0.767    4.158    2.043    0.763    3.742      0.000     23.560      0.900     23.040
    5.997    0.440    0.700    1.971    0.514    3.552      0.000     32.910      0.750     33.170
    1.058    0.545    5.963    5.754    1.070    0.109      0.000     38.800      0.900     39.320
    3.976    0.897    2.347    5.754    1.070    0.109      0.000     41.220      0.900     39.320
    3.976    0.897    2.347    2.819    0.476    3.881      0.000     42.950      0.450     43.040
    1.927    0.767    4.158    1.971    0.514    3.552      0.150     26.590      0.300     26.670
    1.971    0.514    3.552    1.397    0.601    5.531      0.300     26.670      1.050     27.450
    1.971    0.514    3.552    1.397    0.601    5.531      1.050     27.450      2.400     26.850
    1.397    0.601    5.531    1.927    0.767    4.158      0.300     26.670      2.250     25.890
    1.058    0.545    5.963    5.997    0.440    0.700      0.300     35.510      1.500     34.120
    0.669    0.544    5.189    4.455    0.725    2.293      0.450     15.160      1.500     14.200
    4.455    0.725    2.293    2.317    1.005    3.987      0.600     15.420      1.350     15.680
    2.043    0.763    3.742    2.855    0.461    3.558      0.750     21.740      0.900     23.040
    2.855    0.461    3.558    0.005    0.502    6.022      0.750     21.740      1.350     21.390
    5.997    0.440    0.700    1.849    0.475    4.658      0.750     33.170      1.350     33.690
    1.849    0.475    4.658    1.971    0.514    3.552      0.750     33.170      1.350     32.300
    1.323    0.597    5.498    0.627    0.883    5.657      0.900      6.410      0.900      7.970
    1.323    0.597    5.498    3.102    0.263    3.329      0.900      6.410      1.950      6.150
    3.782    0.575    2.990    1.323    0.597    5.498      0.900      7.970      2.400      9.010
    1.927    0.767    4.158    2.855    0.461    3.558      0.900     23.040      1.950     23.300
    1.058    0.545    5.963    3.976    0.897    2.347      0.900     39.320      2.400     39.660
    4.455    0.725    2.293    2.554    0.508    3.890      1.350     15.680      1.500     14.900
    2.554    0.508    3.890    2.317    1.005    3.987      1.350     15.680      2.100     15.930
    2.317    1.005    3.987    4.896    0.404    0.941      1.350     19.830      2.400     19.050
    4.896    0.404    0.941    0.005    0.502    6.022      1.350     19.830      1.500     19.920
    0.005    0.502    6.022    3.029    0.532    3.591      1.350     21.390      1.500     19.920
    3.029    0.532    3.591    2.855    0.461    3.558      1.350     21.390      2.100     21.650
    1.971    0.514    3.552    4.725    0.756    1.392      1.350     32.300      1.650     31.610
    4.725    0.756    1.392    1.849    0.475    4.658      1.350     32.300      1.350     33.690
    5.997    0.440    0.700    4.725    0.756    1.392      1.350     33.690      1.500     34.120
    4.455    0.725    2.293    4.955    0.610    1.009      1.500     14.200      1.500     14.900
    4.955    0.610    1.009    0.669    0.544    5.189      1.500     14.200      2.400     13.340
    4.955    0.610    1.009    2.554    0.508    3.890      1.500     14.900      2.400     15.240
    4.955    0.610    1.009    2.554    0.508    3.890      2.400     15.240      2.100     15.930
    3.029    0.532    3.591    4.896    0.404    0.941      1.500     19.920      2.400     19.570
    4.725    0.756    1.392    1.058    0.545    5.963      1.500     34.120      4.200     33.600
    1.784    0.360    3.719    1.971    0.514    3.552      1.650     31.610      2.400     30.480
    4.725    0.756    1.392    1.784    0.360    3.719      1.650     31.610      2.550     30.570
    0.786    0.317    6.146    0.525    0.494    5.873      1.950      0.090      2.100      0.350
    1.323    0.597    5.498    5.057    0.683    1.728      1.950      6.150      2.550      7.710
    5.057    0.683    1.728    3.102    0.263    3.329      1.950      6.150      2.400      5.370
    1.927    0.767    4.158    0.021    0.509    5.484      1.950     23.300      2.850     25.030
    0.021    0.509    5.484    2.855    0.461    3.558      1.950     23.300      2.100     21.650
    0.786    0.317    6.146    0.086    0.436    0.381      2.100      0.350      2.550      0.090
    0.086    0.436    0.381    0.525    0.494    5.873      2.100      0.350      2.400      1.730
    4.955    0.610    1.009    2.317    1.005    3.987      2.100     15.930      2.550     16.020
    3.029    0.532    3.591    0.021    0.509    5.484      2.100     21.650      3.450     20.700
    1.397    0.601    5.531    5.725    0.625    0.027      2.250     25.890      2.400     26.850
    5.725    0.625    0.027    1.927    0.767    4.158      2.250     25.890      2.850     25.030
    5.057    0.683    1.728    1.724    0.683    5.244      2.400      5.370      3.450      5.800
    3.782    0.575    2.990    4.867    0.583    1.986      2.400      9.010      2.400     10.570
    4.867    0.583    1.986    1.323    0.597    5.498      2.400      9.010      2.850      8.920
    3.782    0.575    2.990    1.291    0.755    4.733      2.400     10.570      2.400     11.260
    1.291    0.755    4.733    4.867    0.583    1.986      2.400     10.570      3.750     10.310
    1.291    0.755    4.733    0.669    0.544    5.189      2.400     11.260      2.850     12.040
    0.669    0.544    5.189    4.326    0.704    2.581      2.400     13.340      2.850     12.040
    4.326    0.704    2.581    4.955    0.610    1.009      2.400     13.340      3.750     13.940
    2.317    1.005    3.987    0.886    0.910    5.845      2.400     19.050      2.550     16.020
    4.896    0.404    0.941    0.886    0.910    5.845      2.400     19.050      2.700     19.050
    4.896    0.404    0.941    4.449    0.408    2.534      2.400     19.570      2.700     19.050
    4.449    0.408    2.534    3.029    0.532    3.591      2.400     19.570      3.600     19.920
    4.449    0.408    2.534    3.029    0.532    3.591      3.600     19.920      3.450     20.700
    5.725    0.625    0.027    1.971    0.514    3.552      2.400     26.850      2.700     26.850
    1.323    0.597    5.498    4.971    0.432    1.958      2.550      7.710      2.850      8.920
    4.971    0.432    1.958    5.057    0.683    1.728      2.550      7.710      3.600      7.100
    0.886    0.910    5.845    4.955    0.610    1.009      2.550     16.020      3.750     15.680
    1.724    0.683    5.244    0.086    0.436    0.381      2.700      1.730      3.150      1.650
    0.886    0.910    5.845    4.449    0.408    2.534      2.700     19.050      3.450     17.580
    0.886    0.910    5.845    4.449    0.408    2.534      3.450     17.580      5.100     17.320
    5.725    0.625    0.027    2.646    0.478    4.303      2.700     26.850      4.050     26.410
    2.646    0.478    4.303    1.971    0.514    3.552      2.700     26.850      3.600     27.710
    3.836    0.425    2.873    1.971    0.514    3.552      2.700     30.310      3.600     27.890
    3.836    0.425    2.873    4.725    0.756    1.392      2.700     30.480      3.600     30.480
    3.976    0.897    2.347    2.952    0.735    4.063      2.700     40.700      3.300     41.220
    4.971    0.432    1.958    4.867    0.583    1.986      2.850      8.920      4.050      8.400
    1.291    0.755    4.733    4.326    0.704    2.581      2.850     12.040      3.600     11.600
    0.021    0.509    5.484    5.725    0.625    0.027      2.850     25.030      3.750     25.370
    1.058    0.545    5.963    5.160    0.916    0.702      2.850     39.580      3.450     38.540
    1.058    0.545    5.963    5.160    0.916    0.702      3.450     38.540      4.800     38.800
    3.340    0.769    3.692    2.952    0.735    4.063      2.850     40.620      3.450     41.140
    0.086    0.436    0.381    4.625    0.777    2.237      3.150      1.650      3.750      0.090
    4.625    0.777    2.237    1.724    0.683    5.244      3.150      1.650      4.350      2.510
    3.340    0.769    3.692    5.160    0.916    0.702      3.300     40.180      4.200     39.320
    1.724    0.683    5.244    0.885    0.832    4.981      3.450      5.800      5.100      5.020
    0.885    0.832    4.981    5.057    0.683    1.728      3.450      5.800      3.600      7.100
    0.021    0.509    5.484    4.449    0.408    2.534      3.450     20.700      4.350     20.870
    0.885    0.832    4.981    4.971    0.432    1.958      3.600      7.100      3.750      7.190
    4.326    0.704    2.581    4.611    0.367    2.256      3.600     11.600      4.350     12.380
    4.611    0.367    2.256    1.291    0.755    4.733      3.600     11.600      4.200     10.570
    1.971    0.514    3.552    4.366    0.767    2.535      3.600     27.710      3.600     27.890
    4.366    0.767    2.535    2.646    0.478    4.303      3.600     27.710      4.350     27.110
    4.366    0.767    2.535    3.836    0.425    2.873      3.600     27.890      5.100     28.750
    3.836    0.425    2.873    2.850    0.792    3.397      3.600     30.480      5.100     28.750
    2.850    0.792    3.397    4.725    0.756    1.392      3.600     30.480      4.200     31.350
    3.976    0.897    2.347    1.965    1.125    4.520      3.600     41.740      3.600     41.920
    4.971    0.432    1.958    2.114    0.400    3.831      3.750      7.190      4.350      7.710
    2.114    0.400    3.831    0.885    0.832    4.981      3.750      7.190      5.100      6.410
    4.955    0.610    1.009    5.599    0.580    1.452      3.750     13.940      3.750     15.680
    5.599    0.580    1.452    4.326    0.704    2.581      3.750     13.940      4.050     13.940
    5.599    0.580    1.452    0.886    0.910    5.845      3.750     15.680      5.250     16.020
    5.725    0.625    0.027    5.997    0.560    0.362      3.750     25.370      4.050     26.410
    5.997    0.560    0.362    0.021    0.509    5.484      3.750     25.370      6.150     22.950
    1.965    1.125    4.520    3.340    0.769    3.692      3.750     41.480      4.050     41.480
    5.984    0.737    0.999    6.266    0.464    5.796      3.750     42.520      4.200     42.440
    5.984    0.737    0.999    4.749    0.680    2.001      3.750     42.700      4.200     42.780
    4.971    0.432    1.958    1.700    0.527    4.911      4.050      8.400      4.350      7.710
    1.700    0.527    4.911    4.867    0.583    1.986      4.050      8.400      5.100      9.180
    5.599    0.580    1.452    4.969    0.600    1.124      4.050     13.940      5.100     14.720
    4.969    0.600    1.124    4.326    0.704    2.581      4.050     13.940      4.800     13.340
    2.646    0.478    4.303    5.997    0.560    0.362      4.050     26.410      4.350     27.110
    4.725    0.756    1.392    2.615    0.400    3.355      4.200     31.350      4.350     32.300
    2.615    0.400    3.355    2.850    0.792    3.397      4.200     31.350      4.950     31.090
    4.725    0.756    1.392    2.962    0.759    2.976      4.200     33.600      4.350     32.300
    2.962    0.759    2.976    1.058    0.545    5.963      4.200     33.600      5.700     34.990
    3.340    0.769    3.692    3.516    1.111    3.150      4.200     41.400      5.100     39.660
    1.965    1.125    4.520    1.545    0.762    5.425      4.200     41.740      4.200     41.920
    6.266    0.464    5.796    0.505    0.361    5.032      4.200     42.260      4.200     42.440
    0.505    0.361    5.032    5.984    0.737    0.999      4.200     42.440      4.350     42.520
    1.724    0.683    5.244    3.226    0.180    3.389      4.350      2.510      5.100      5.020
    3.226    0.180    3.389    4.625    0.777    2.237      4.350      2.510      5.700      0.870
    1.700    0.527    4.911    2.114    0.400    3.831      4.350      7.710      4.650      7.710
    4.326    0.704    2.581    4.936    0.492    2.098      4.350     12.380      4.800     13.340
    4.936    0.492    2.098    4.611    0.367    2.256      4.350     12.380      5.250     11.860
    4.449    0.408    2.534    3.660    0.837    2.031      4.350     20.870      5.400     18.530
    3.660    0.837    2.031    0.021    0.509    5.484      4.350     20.870      6.150     22.950
    5.997    0.560    0.362    4.366    0.767    2.535      4.350     27.110      5.550     29.010
    2.615    0.400    3.355    2.962    0.759    2.976      4.350     32.300      4.950     31.090
    1.545    0.762    5.425    3.516    1.111    3.150      4.350     41.480      4.800     41.920
    1.700    0.527    4.911    5.326    0.782    0.676      4.650      7.710      5.400      8.490
    5.326    0.782    0.676    2.114    0.400    3.831      4.650      7.710      5.100      6.410
    3.340    0.769    3.692    3.384    0.408    3.356      4.650     39.400      5.100     39.660
    4.936    0.492    2.098    4.969    0.600    1.124      4.800     13.340      5.400     13.680
    4.867    0.583    1.986    0.351    0.734    5.487      4.950      9.960      5.100      9.180
    4.611    0.367    2.256    0.351    0.734    5.487      4.950     10.480      5.100     10.570
    2.962    0.759    2.976    2.850    0.792    3.397      4.950     31.090      6.150     30.220
    3.226    0.180    3.389    0.885    0.832    4.981      5.100      5.020      5.400      6.060
    5.326    0.782    0.676    0.885    0.832    4.981      5.100      6.410      5.400      6.060
    1.700    0.527    4.911    0.351    0.734    5.487      5.100      9.180      5.400      9.010
    4.611    0.367    2.256    0.301    0.501    5.245      5.100     10.570      5.250     11.860
    0.301    0.501    5.245    0.351    0.734    5.487      5.100     10.570      5.700     10.220
    5.599    0.580    1.452    5.010    0.703    1.169      5.100     14.720      5.700     15.240
    5.010    0.703    1.169    4.969    0.600    1.124      5.100     14.720      5.400     13.680
    4.449    0.408    2.534    1.598    0.056    4.639      5.100     17.320      5.400     18.530
    1.598    0.056    4.639    0.886    0.910    5.845      5.100     17.320      5.700     16.800
    2.850    0.792    3.397    4.366    0.767    2.535      5.100     28.750      5.550     29.010
    3.516    1.111    3.150    3.384    0.408    3.356      5.100     39.660      5.250     39.580
    4.936    0.492    2.098    0.301    0.501    5.245      5.250     11.860      7.350     12.380
    3.226    0.180    3.389    5.326    0.782    0.676      5.400      6.060      6.450      8.400
    1.700    0.527    4.911    4.060    0.870    2.034      5.400      8.490      5.400      9.010
    4.060    0.870    2.034    5.326    0.782    0.676      5.400      8.490      6.450      8.400
    0.351    0.734    5.487    4.060    0.870    2.034      5.400      9.010      6.150      9.960
    5.010    0.703    1.169    4.936    0.492    2.098      5.400     13.680      6.300     14.200
    1.598    0.056    4.639    3.660    0.837    2.031      5.400     18.530      7.500     18.880
    1.598    0.056    4.639    3.660    0.837    2.031      7.500     18.880      8.250     17.580
    3.516    1.111    3.150    4.509    0.651    2.360      5.400     39.660      5.550     40.100
    2.850    0.792    3.397    5.997    0.560    0.362      5.550     29.010      6.150     30.220
    1.058    0.545    5.963    1.422    0.616    5.545      5.550     38.540      4.950     36.290
    1.058    0.545    5.963    1.422    0.616    5.545      4.950     36.290      5.700     34.990
    4.625    0.777    2.237    2.291    0.738    3.636      5.700      0.870      5.850      0.430
    2.291    0.738    3.636    3.226    0.180    3.389      5.700      0.870      6.450      1.470
    2.291    0.738    3.636    3.226    0.180    3.389      6.450      1.470      7.200      0.350
    3.513    0.470    2.375    0.351    0.734    5.487      5.700     10.220      6.150      9.960
    3.513    0.470    2.375    0.301    0.501    5.245      5.700     10.220      6.300     10.220
    5.599    0.580    1.452    0.508    0.596    6.204      5.700     15.240      5.850     15.680
    0.508    0.596    6.204    5.010    0.703    1.169      5.700     15.240      6.300     14.200
    0.886    0.910    5.845    1.598    0.056    4.639      5.700     16.280      5.700     16.450
    1.422    0.616    5.545    2.962    0.759    2.976      5.700     34.990      9.000     34.640
    4.073    0.512    2.759    4.509    0.651    2.360      5.700     39.660      5.700     39.840
    3.516    1.111    3.150    1.084    0.684    4.665      5.700     40.180      5.850     40.440
    2.185    0.667    4.140    3.516    1.111    3.150      5.700     42.260      5.850     42.180
    5.485    0.361    0.991    4.625    0.777    2.237      5.850      0.430      4.650      0.090
    2.291    0.738    3.636    5.485    0.361    0.991      5.850      0.430      6.450      0.090
    1.422    0.616    5.545    1.341    0.497    4.618      5.850     39.060      7.650     39.400
    1.341    0.497    4.618    1.422    0.616    5.545      7.650     39.400      7.800     40.360
    1.341    0.497    4.618    4.073    0.512    2.759      5.850     39.580      6.150     40.100
    4.073    0.512    2.759    1.084    0.684    4.665      5.850     40.100      6.150     40.100
    4.060    0.870    2.034    3.513    0.470    2.375      6.150      9.960      6.300     10.050
    3.694    0.442    3.243    1.598    0.056    4.639      6.150     16.190      7.500     16.800
    3.660    0.837    2.031    5.997    0.560    0.362      6.150     22.950      9.750     21.910
    5.997    0.560    0.362    2.962    0.759    2.976      6.150     30.220      9.000     29.790
    1.341    0.497    4.618    1.084    0.684    4.665      6.150     40.100      6.300     40.180
    4.054    0.659    2.281    1.084    0.684    4.665      6.150     40.440      6.300     40.360
    4.054    0.659    2.281    3.516    1.111    3.150      6.150     40.620      6.150     42.000
    4.054    0.659    2.281    2.185    0.667    4.140      6.150     42.180      6.300     42.260
    3.018    0.565    3.278    2.185    0.667    4.140      6.150     42.520      6.300     42.260
    0.508    0.596    6.204    4.936    0.492    2.098      6.300     14.200      6.600     13.860
    0.508    0.596    6.204    3.694    0.442    3.243      6.300     15.930      7.350     15.160
    3.018    0.565    3.278    4.054    0.659    2.281      6.300     42.260      7.650     42.180
    3.226    0.180    3.389    4.060    0.870    2.034      6.450      8.400      6.600      9.700
    4.936    0.492    2.098    6.038    0.792    0.256      6.600     13.860      7.350     12.380
    6.038    0.792    0.256    0.508    0.596    6.204      6.600     13.860      7.350     15.160
    1.341    0.497    4.618    4.054    0.659    2.281      6.600     40.360      7.800     40.360
    0.301    0.501    5.245    3.226    0.180    3.389      6.750      9.790      7.800     11.780
    2.291    0.738    3.636    1.691    0.684    4.178      7.200      0.350      7.050      0.090
    1.691    0.684    4.178    3.226    0.180    3.389      7.200      0.350      8.400      1.210
    6.038    0.792    0.256    0.301    0.501    5.245      7.350     12.380      7.800     11.780
    6.038    0.792    0.256    3.694    0.442    3.243      7.350     15.160      8.100     15.930
    1.598    0.056    4.639    4.489    0.723    2.345      7.500     16.800      8.250     17.580
    4.489    0.723    2.345    3.694    0.442    3.243      7.500     16.800      8.100     15.930
    4.054    0.659    2.281    2.912    0.503    3.950      7.650     42.180      8.100     40.700
    2.912    0.503    3.950    3.018    0.565    3.278      7.650     42.180      8.250     43.040
    3.226    0.180    3.389    6.038    0.792    0.256      7.800     11.780      9.300     11.260
    4.054    0.659    2.281    1.422    0.616    5.545      7.800     40.360      7.950     40.440
    6.038    0.792    0.256    4.489    0.723    2.345      8.100     15.930      9.000     16.280
    6.038    0.792    0.256    4.489    0.723    2.345      9.000     16.280      9.000     17.490
    3.660    0.837    2.031    4.489    0.723    2.345      8.250     17.580      9.000     17.490
    2.912    0.503    3.950    1.422    0.616    5.545      8.250     40.620      9.000     40.700
    3.226    0.180    3.389    5.647    0.662    0.145      8.400      1.210      7.800      2.420
    3.226    0.180    3.389    5.647    0.662    0.145      7.800      2.420      8.550      4.240
    5.647    0.662    0.145    1.691    0.684    4.178      8.400      1.210      8.850      1.130
    5.647    0.662    0.145    2.809    0.612    3.641      8.550      4.240      9.450      4.070
    2.809    0.612    3.641    3.226    0.180    3.389      8.550      4.240      8.550      6.840
    2.809    0.612    3.641    3.226    0.180    3.389      8.550      6.840      9.750      7.710
    1.691    0.684    4.178    1.365    0.393    4.646      8.850      1.130      8.550      0.090
    1.365    0.393    4.646    5.647    0.662    0.145      8.850      1.130      9.000      1.210
    6.038    0.792    0.256    3.660    0.837    2.031      9.000     17.490      9.450     17.580
    3.351    0.678    2.966    2.962    0.759    2.976      9.000     29.790      9.000     34.640
    3.351    0.678    2.966    5.997    0.560    0.362      9.000     29.790     10.650     29.190
    3.351    0.678    2.966    1.422    0.616    5.545      9.000     34.640     10.950     36.980
    2.912    0.503    3.950    1.074    0.572    5.285      9.000     40.700      9.900     42.260
    2.912    0.503    3.950    1.074    0.572    5.285      9.900     42.260      9.300     42.950
    1.074    0.572    5.285    1.422    0.616    5.545      9.000     40.700     10.050     40.100
    3.226    0.180    3.389    1.130    0.631    4.673      9.300     11.260     10.500      9.180
    1.130    0.631    4.673    6.038    0.792    0.256      9.300     11.260     11.700     13.160
    2.809    0.612    3.641    2.154    0.202    4.839      9.450      4.070      9.300      5.020
    2.809    0.612    3.641    2.154    0.202    4.839      9.300      5.020     10.350      5.280
    2.154    0.202    4.839    5.647    0.662    0.145      9.450      4.070      9.900      3.980
    3.660    0.837    2.031    3.715    0.863    2.433      9.450     17.580     10.200     20.960
    3.715    0.863    2.433    6.038    0.792    0.256      9.450     17.580     11.250     17.580
    3.226    0.180    3.389    6.217    0.650    0.580      9.750      7.710     10.500      9.180
    6.217    0.650    0.580    2.809    0.612    3.641      9.750      7.710     10.500      6.580
    3.660    0.837    2.031    6.083    0.607    5.978      9.750     21.910     10.200     20.960
    6.083    0.607    5.978    5.997    0.560    0.362      9.750     21.910     10.200     22.520
    5.647    0.662    0.145    2.575    0.501    3.178      9.900      3.980     10.500      3.290
    2.575    0.501    3.178    2.154    0.202    4.839      9.900      3.980     10.350      4.590
    5.193    0.170    1.317    1.365    0.393    4.646     10.050      1.470     10.650      0.090
    5.647    0.662    0.145    5.193    0.170    1.317     10.050      1.990     10.500      3.290
    1.422    0.616    5.545    0.179    1.161    5.825     10.050     40.100     10.800     38.280
    0.179    1.161    5.825    1.074    0.572    5.285     10.050     40.100     12.000     42.260
    6.083    0.607    5.978    3.715    0.863    2.433     10.200     20.960     10.500     20.960
    5.997    0.560    0.362    5.726    0.452    0.655     10.200     22.520     10.650     26.930
    5.726    0.452    0.655    6.083    0.607    5.978     10.200     22.520     10.350     22.430
    2.154    0.202    4.839    1.270    0.190    4.867     10.350      4.590     10.350      5.280
    1.270    0.190    4.867    2.575    0.501    3.178     10.350      4.590     11.400      4.500
    1.270    0.190    4.867    2.809    0.612    3.641     10.350      5.280     10.500      6.580
    6.083    0.607    5.978    1.383    0.811    5.548     10.350     22.430     10.500     20.960
    1.383    0.811    5.548    5.726    0.452    0.655     10.350     22.430     12.150     24.510
    2.575    0.501    3.178    5.193    0.170    1.317     10.500      3.290     11.400      3.290
    1.270    0.190    4.867    6.217    0.650    0.580     10.500      6.580     12.000      6.930
    6.217    0.650    0.580    1.130    0.631    4.673     10.500      9.180     11.250      9.270
    1.383    0.811    5.548    3.715    0.863    2.433     10.500     20.960     11.400     19.920
    5.997    0.560    0.362    3.340    0.417    3.607     10.650     26.930     10.650     29.190
    3.340    0.417    3.607    5.726    0.452    0.655     10.650     26.930     12.150     24.510
    3.340    0.417    3.607    3.351    0.678    2.966     10.650     29.190     15.000     32.910
    1.422    0.616    5.545    2.046    0.686    3.962     10.800     38.280     10.950     36.980
    2.046    0.686    3.962    0.179    1.161    5.825     10.800     38.280     12.000     38.110
    3.351    0.678    2.966    2.046    0.686    3.962     10.950     36.980     11.550     36.810
    1.130    0.631    4.673    2.143    0.173    4.822     11.250      9.270     12.450     10.310
    2.143    0.173    4.822    6.217    0.650    0.580     11.250      9.270     12.000      6.930
    3.715    0.863    2.433    2.761    0.262    3.215     11.250     17.580     11.400     19.920
    2.761    0.262    3.215    6.038    0.792    0.256     11.250     17.580     12.600     16.970
    2.575    0.501    3.178    1.936    0.605    4.127     11.400      3.290     11.400      4.500
    1.936    0.605    4.127    5.193    0.170    1.317     11.400      3.290     11.700      2.420
    1.936    0.605    4.127    5.193    0.170    1.317     11.700      2.420     13.650      1.990
    1.936    0.605    4.127    1.270    0.190    4.867     11.400      4.500     12.150      5.110
    1.383    0.811    5.548    2.761    0.262    3.215     11.400     19.920     13.500     19.050
    2.046    0.686    3.962    0.641    0.700    4.958     11.550     36.810     12.000     38.110
    0.641    0.700    4.958    3.351    0.678    2.966     11.550     36.810     12.000     36.200
    0.641    0.700    4.958    3.351    0.678    2.966     12.000     36.200     14.550     36.980
    6.038    0.792    0.256    3.142    0.685    2.702     11.700     13.160     11.850     15.160
    6.038    0.792    0.256    3.142    0.685    2.702     11.850     15.160     12.750     15.680
    3.142    0.685    2.702    1.130    0.631    4.673     11.700     13.160     12.450     12.380
    3.746    0.851    2.092    1.074    0.572    5.285     11.700     42.950     11.550     43.040
    1.074    0.572    5.285    3.746    0.851    2.092     11.850     42.700     12.000     42.260
    2.143    0.173    4.822    1.270    0.190    4.867     12.000      6.930     12.300      6.580
    0.179    1.161    5.825    0.641    0.700    4.958     12.000     38.110     13.800     39.140
    3.746    0.851    2.092    0.179    1.161    5.825     12.000     42.260     13.650     42.520
    1.270    0.190    4.867    3.486    0.747    3.468     12.150      5.110     12.300      6.580
    3.486    0.747    3.468    1.936    0.605    4.127     12.150      5.110     14.100      4.330
    1.383    0.811    5.548    3.340    0.417    3.607     12.150     24.510     14.100     23.560
    3.486    0.747    3.468    2.143    0.173    4.822     12.300      6.580     13.350      6.670
    1.130    0.631    4.673    3.932    0.728    2.323     12.450     10.310     12.450     12.380
    3.932    0.728    2.323    2.143    0.173    4.822     12.450     10.310     13.950      9.440
    3.142    0.685    2.702    3.932    0.728    2.323     12.450     12.380     13.050     12.380
    6.038    0.792    0.256    5.254    0.376    0.436     12.600     16.970     12.750     15.680
    5.254    0.376    0.436    2.761    0.262    3.215     12.600     16.970     13.500     17.320
    3.142    0.685    2.702    5.254    0.376    0.436     12.750     15.680     13.500     15.420
    3.142    0.685    2.702    4.112    0.133    2.449     13.050     12.380     13.500     15.420
    4.112    0.133    2.449    3.932    0.728    2.323     13.050     12.380     15.300     11.780
    4.112    0.133    2.449    3.932    0.728    2.323     15.300     11.780     16.050     10.310
    2.143    0.173    4.822    6.179    0.346    0.219     13.350      6.670     13.950      7.710
    6.179    0.346    0.219    3.486    0.747    3.468     13.350      6.670     14.550      5.800
    4.112    0.133    2.449    5.254    0.376    0.436     13.500     15.420     14.700     16.280
    2.761    0.262    3.215    2.879    0.580    2.869     13.500     17.320     13.500     19.050
    2.879    0.580    2.869    5.254    0.376    0.436     13.500     17.320     14.700     16.280
    2.879    0.580    2.869    1.383    0.811    5.548     13.500     19.050     15.150     19.830
    1.936    0.605    4.127    3.483    1.277    2.818     13.650      1.990     14.700      3.810
    3.483    1.277    2.818    5.193    0.170    1.317     13.650      1.990     13.950      0.090
    0.179    1.161    5.825    4.642    0.615    1.926     13.800     39.140     13.950     42.180
    4.642    0.615    1.926    0.641    0.700    4.958     13.800     39.140     15.300     38.280
    2.143    0.173    4.822    6.121    0.641    5.988     13.950      7.710     13.950      9.440
    6.121    0.641    5.988    6.179    0.346    0.219     13.950      7.710     14.850      6.670
    6.121    0.641    5.988    3.932    0.728    2.323     13.950      9.440     15.300      9.530
    3.486    0.747    3.468    3.898    0.957    2.356     14.100      4.330     14.700      5.370
    3.898    0.957    2.356    1.936    0.605    4.127     14.100      4.330     14.700      3.810
    3.340    0.417    3.607    5.045    0.605    1.212     14.100     23.560     15.450     25.030
    5.045    0.605    1.212    1.383    0.811    5.548     14.100     23.560     15.150     19.830
    3.486    0.747    3.468    3.983    0.297    1.641     14.550      5.800     14.700      5.370
    3.983    0.297    1.641    6.179    0.346    0.219     14.550      5.800     14.850      6.670
    3.351    0.678    2.966    3.221    0.550    3.088     14.550     36.980     15.000     32.910
    3.221    0.550    3.088    0.641    0.700    4.958     14.550     36.980     15.300     38.280
    3.898    0.957    2.356    3.483    1.277    2.818     14.700      3.810     15.300      3.810
    3.983    0.297    1.641    3.898    0.957    2.356     14.700      5.370     15.300      5.370
    2.879    0.580    2.869    4.112    0.133    2.449     14.700     16.280     16.050     16.710
    6.121    0.641    5.988    3.983    0.297    1.641     14.850      6.670     15.000      6.580
    3.983    0.297    1.641    5.795    0.294    0.314     15.000      6.580     15.300      5.370
    5.795    0.294    0.314    6.121    0.641    5.988     15.000      6.580     15.750      7.710
    3.221    0.550    3.088    3.340    0.417    3.607     15.000     32.910     16.500     31.520
    2.879    0.580    2.869    5.045    0.605    1.212     15.150     19.830     18.000     18.010
    3.898    0.957    2.356    3.222    0.506    2.575     15.300      3.810     16.500      5.020
    3.222    0.506    2.575    3.483    1.277    2.818     15.300      3.810     17.400      1.910
    3.222    0.506    2.575    3.483    1.277    2.818     17.400      1.910     19.500      1.390
    5.795    0.294    0.314    3.898    0.957    2.356     15.300      5.370     16.500      5.020
    3.932    0.728    2.323    1.615    0.201    4.693     15.300      9.530     16.050     10.310
    1.615    0.201    4.693    6.121    0.641    5.988     15.300      9.530     15.750      7.880
    3.221    0.550    3.088    4.642    0.615    1.926     15.300     38.280     19.500     40.180
    5.045    0.605    1.212    4.832    0.408    0.807     15.450     25.030     21.900     21.480
    4.832    0.408    0.807    3.340    0.417    3.607     15.450     25.030     14.100     27.370
    4.832    0.408    0.807    3.340    0.417    3.607     14.100     27.370     15.000     27.710
    4.832    0.408    0.807    3.340    0.417    3.607     15.000     27.710     16.500     31.520
    6.121    0.641    5.988    2.697    0.743    3.511     15.750      7.710     15.750      7.880
    2.697    0.743    3.511    5.795    0.294    0.314     15.750      7.710     17.550      5.800
    2.697    0.743    3.511    5.795    0.294    0.314     17.550      5.800     18.600      7.620
    2.697    0.743    3.511    1.615    0.201    4.693     15.750      7.880     18.150      8.230
    4.112    0.133    2.449    1.615    0.201    4.693     16.050     10.310     16.350     10.310
    4.112    0.133    2.449    0.687    0.543    5.328     16.050     16.710     17.550     13.600
    0.687    0.543    5.328    2.879    0.580    2.869     16.050     16.710     18.000     17.840
    4.112    0.133    2.449    1.234    0.199    4.837     16.350     10.310     17.550     13.600
    1.234    0.199    4.837    1.615    0.201    4.693     16.350     10.310     17.550      9.960
    3.222    0.506    2.575    5.795    0.294    0.314     16.500      5.020     18.450      5.630
    4.832    0.408    0.807    3.221    0.550    3.088     16.500     31.520     21.450     35.250
    4.832    0.408    0.807    3.221    0.550    3.088     21.450     35.250     22.650     39.060
    1.615    0.201    4.693    2.730    0.407    3.819     17.550      9.960     18.150      8.230
    2.730    0.407    3.819    1.234    0.199    4.837     17.550      9.960     19.500     11.090
    0.687    0.543    5.328    1.234    0.199    4.837     17.550     13.600     17.850     13.600
    1.234    0.199    4.837    2.735    0.120    4.062     17.850     13.600     20.100     12.120
    2.735    0.120    4.062    0.687    0.543    5.328     17.850     13.600     19.050     15.500
    2.735    0.120    4.062    0.687    0.543    5.328     19.050     15.500     21.450     15.500
    2.879    0.580    2.869    0.367    0.667    5.815     18.000     17.840     18.000     18.010
    0.367    0.667    5.815    0.687    0.543    5.328     18.000     17.840     19.500     17.490
    0.367    0.667    5.815    5.045    0.605    1.212     18.000     18.010     19.500     18.360
    3.418    0.570    2.103    4.642    0.615    1.926     18.000     42.780     18.450     42.700
    2.730    0.407    3.819    2.697    0.743    3.511     18.150      8.230     18.600      7.970
    5.795    0.294    0.314    2.123    0.635    3.920     18.450      5.630     19.200      6.580
    2.123    0.635    3.920    3.222    0.506    2.575     18.450      5.630     20.550      4.240
    5.795    0.294    0.314    0.122    0.084    5.659     18.600      7.620     19.200      6.580
    0.122    0.084    5.659    2.697    0.743    3.511     18.600      7.620     18.600      7.970
    2.730    0.407    3.819    0.122    0.084    5.659     18.600      7.970     20.550      9.960
    2.123    0.635    3.920    0.122    0.084    5.659     19.200      6.580     21.450      6.320
    4.137    0.750    2.060    4.642    0.615    1.926     19.200     42.260     19.500     40.180
    3.483    1.277    2.818    1.936    0.692    4.478     19.500      1.390     19.650      0.090
    1.936    0.692    4.478    3.222    0.506    2.575     19.500      1.390     20.550      1.650
    1.234    0.199    4.837    5.051    0.798    0.543     19.500     11.090     20.100     11.600
    5.051    0.798    0.543    2.730    0.407    3.819     19.500     11.090     20.550      9.960
    0.687    0.543    5.328    1.106    0.462    5.923     19.500     17.490     21.450     15.500
    1.106    0.462    5.923    0.367    0.667    5.815     19.500     17.490     19.500     18.360
    5.045    0.605    1.212    1.106    0.462    5.923     19.500     18.360     21.900     21.480
    4.137    0.750    2.060    3.221    0.550    3.088     19.500     40.180     20.550     39.580
    4.137    0.750    2.060    3.221    0.550    3.088     20.550     39.580     21.450     40.440
    4.137    0.750    2.060    6.245    0.743    0.099     19.650     42.700     20.100     42.780
    1.234    0.199    4.837    5.422    0.501    0.112     20.100     11.600     20.100     12.120
    5.422    0.501    0.112    5.051    0.798    0.543     20.100     11.600     21.000     10.740
    2.735    0.120    4.062    5.422    0.501    0.112     20.100     12.120     20.850     12.040
    1.936    0.692    4.478    1.395    0.772    5.431     20.550      1.650     21.450      1.130
    1.395    0.772    5.431    3.222    0.506    2.575     20.550      1.650     20.550      4.240
    1.395    0.772    5.431    2.123    0.635    3.920     20.550      4.240     21.600      5.540
    0.122    0.084    5.659    5.051    0.798    0.543     20.550      9.960     20.850      9.960
    0.122    0.084    5.659    5.042    0.458    1.400     20.850      9.960     22.500      8.140
    5.042    0.458    1.400    5.051    0.798    0.543     20.850      9.960     21.000     10.740
    5.422    0.501    0.112    3.840    1.040    2.295     20.850     12.040     21.600     11.260
    3.840    1.040    2.295    2.735    0.120    4.062     20.850     12.040     21.750     15.160
    5.042    0.458    1.400    5.422    0.501    0.112     21.000     10.740     21.600     11.090
    2.189    0.201    3.901    4.137    0.750    2.060     21.000     42.260     21.450     40.440
    2.189    0.201    3.901    1.838    0.581    5.017     21.150     42.700     21.600     42.950
    1.936    0.692    4.478    5.112    0.514    1.515     21.450      1.130     20.550      0.090
    5.112    0.514    1.515    1.395    0.772    5.431     21.450      1.130     21.750      1.130
    2.123    0.635    3.920    0.218    0.414    6.162     21.450      6.320     21.600      5.540
    0.218    0.414    6.162    0.122    0.084    5.659     21.450      6.320     22.500      7.970
    1.106    0.462    5.923    2.735    0.120    4.062     21.450     15.500     21.750     15.160
    2.189    0.201    3.901    3.221    0.550    3.088     21.450     40.440     22.350     39.580
    1.395    0.772    5.431    0.218    0.414    6.162     21.600      5.540     22.650      5.280
    5.422    0.501    0.112    5.846    0.730    0.718     21.600     11.090     21.600     11.260
    5.846    0.730    0.718    5.042    0.458    1.400     21.600     11.090     24.000     10.220
    5.846    0.730    0.718    3.840    1.040    2.295     21.600     11.260     24.150     11.860
    5.112    0.514    1.515    2.787    0.152    3.463     21.750      1.130     22.950      0.090
    2.787    0.152    3.463    1.395    0.772    5.431     21.750      1.130     24.000      1.390
    3.840    1.040    2.295    1.106    0.462    5.923     21.750     15.160     22.350     15.500
    4.832    0.408    0.807    1.106    0.462    5.923     21.900     21.480     24.750     21.910
    1.106    0.462    5.923    0.035    0.504    6.093     22.350     15.500     25.950     17.750
    0.035    0.504    6.093    3.840    1.040    2.295     22.350     15.500     25.050     13.600
    3.221    0.550    3.088    4.438    0.501    2.547     22.350     39.580     22.650     39.060
    4.438    0.501    2.547    2.189    0.201    3.901     22.350     39.580     23.550     42.000
    0.122    0.084    5.659    4.372    0.575    2.271     22.500      7.970     22.500      8.140
    4.372    0.575    2.271    0.218    0.414    6.162     22.500      7.970     23.400      5.890
    4.372    0.575    2.271    5.042    0.458    1.400     22.500      8.140     23.550      8.230
    1.395    0.772    5.431    1.456    0.790    5.566     22.650      5.280     22.500      4.330
    1.395    0.772    5.431    1.456    0.790    5.566     22.500      4.330     24.600      3.290
    1.456    0.790    5.566    0.218    0.414    6.162     22.650      5.280     23.400      5.890
    4.832    0.408    0.807    4.438    0.501    2.547     22.650     39.060     25.350     37.500
    4.832    0.408    0.807    4.438    0.501    2.547     25.350     37.500     27.450     37.500
    4.372    0.575    2.271    1.456    0.790    5.566     23.400      5.890     25.050      5.280
    5.042    0.458    1.400    1.088    0.638    5.864     23.550      8.230     24.000     10.220
    1.088    0.638    5.864    4.372    0.575    2.271     23.550      8.230     25.050      7.360
    2.189    0.201    3.901    5.755    0.508    0.580     23.550     42.000     23.550     42.700
    5.755    0.508    0.580    4.438    0.501    2.547     23.550     42.000     23.700     41.920
    4.438    0.501    2.547    3.745    0.653    2.845     23.700     41.920     23.850     41.480
    5.755    0.508    0.580    3.745    0.653    2.845     23.700     41.920     23.850     41.480
    5.755    0.508    0.580    4.438    0.501    2.547     23.850     41.480     26.250     42.000
    1.734    0.616    4.183    2.787    0.152    3.463     24.000      0.690     23.550      0.090
    2.787    0.152    3.463    6.119    1.287    0.243     24.000      0.690     24.000      1.390
    6.119    1.287    0.243    1.734    0.616    4.183     24.000      0.690     25.650      0.430
    6.119    1.287    0.243    1.395    0.772    5.431     24.000      1.390     25.200      2.250
    1.088    0.638    5.864    5.846    0.730    0.718     24.000     10.220     25.200     11.090
    3.840    1.040    2.295    5.171    0.562    1.877     24.150     11.860     25.050     13.600
    5.171    0.562    1.877    5.846    0.730    0.718     24.150     11.860     25.200     11.090
    1.456    0.790    5.566    0.595    0.570    5.459     24.600      3.290     25.050      5.280
    0.595    0.570    5.459    1.395    0.772    5.431     24.600      3.290     25.200      2.250
    1.106    0.462    5.923    1.184    0.699    5.441     24.750     21.910     26.100     19.570
    1.184    0.699    5.441    4.832    0.408    0.807     24.750     21.910     27.750     23.820
    1.184    0.699    5.441    4.832    0.408    0.807     27.750     23.820     30.300     23.730
    1.184    0.699    5.441    4.832    0.408    0.807     30.300     23.730     31.800     25.630
    0.595    0.570    5.459    4.372    0.575    2.271     25.050      5.280     25.500      5.370
    4.372    0.575    2.271    4.061    0.717    2.543     25.050      7.360     25.500      5.890
    4.061    0.717    2.543    1.088    0.638    5.864     25.050      7.360     27.150      7.360
    5.171    0.562    1.877    0.035    0.504    6.093     25.050     13.600     26.850     13.940
    0.595    0.570    5.459    6.119    1.287    0.243     25.200      2.250     25.350      2.170
    5.171    0.562    1.877    1.088    0.638    5.864     25.200     11.090     25.950     10.480
    5.171    0.562    1.877    1.088    0.638    5.864     25.950     10.480     27.750     11.860
    6.119    1.287    0.243    4.225    0.744    2.079     25.350      2.170     25.650      0.430
    4.225    0.744    2.079    0.595    0.570    5.459     25.350      2.170     27.450      3.550
    4.372    0.575    2.271    6.265    0.720    5.968     25.500      5.370     25.500      5.890
    6.265    0.720    5.968    0.595    0.570    5.459     25.500      5.370     27.600      5.020
    4.061    0.717    2.543    6.265    0.720    5.968     25.500      5.890     27.300      6.410
    4.225    0.744    2.079    1.734    0.616    4.183     25.650      0.430     25.800      0.350
    1.734    0.616    4.183    0.874    0.622    5.789     25.800      0.350     25.650      0.090
    0.874    0.622    5.789    4.225    0.744    2.079     25.800      0.350     27.750      0.090
    0.035    0.504    6.093    0.733    0.857    5.273     25.950     17.750     26.850     13.940
    0.733    0.857    5.273    1.106    0.462    5.923     25.950     17.750     26.100     17.840
    1.106    0.462    5.923    4.815    0.513    1.312     26.100     17.840     26.100     19.570
    4.815    0.513    1.312    0.733    0.857    5.273     26.100     17.840     27.750     18.790
    4.815    0.513    1.312    1.184    0.699    5.441     26.100     19.570     27.600     19.570
    5.755    0.508    0.580    0.935    0.795    5.633     26.100     42.440     26.250     42.180
    4.438    0.501    2.547    0.935    0.795    5.633     26.550     42.180     26.700     42.260
    3.052    0.283    3.203    0.935    0.795    5.633     26.700     42.260     26.700     42.440
    3.052    0.283    3.203    4.438    0.501    2.547     26.700     42.260     28.800     40.180
    0.733    0.857    5.273    5.171    0.562    1.877     26.850     13.940     27.750     11.860
    4.061    0.717    2.543    0.566    0.450    5.001     27.150      7.360     27.300      6.410
    0.566    0.450    5.001    1.088    0.638    5.864     27.150      7.360     28.200      7.970
    0.566    0.450    5.001    6.265    0.720    5.968     27.300      6.410     28.200      6.060
    0.595    0.570    5.459    2.272    0.894    4.100     27.450      3.550     27.600      4.500
    2.272    0.894    4.100    4.225    0.744    2.079     27.450      3.550     28.500      2.250
    4.832    0.408    0.807    3.397    0.707    3.526     27.450     37.500     31.200     35.160
    3.397    0.707    3.526    4.438    0.501    2.547     27.450     37.500     28.800     40.180
    0.595    0.570    5.459    2.272    0.894    4.100     27.600      4.850     27.600      5.020
    2.272    0.894    4.100    6.265    0.720    5.968     27.600      5.020     28.200      5.370
    4.815    0.513    1.312    2.683    0.302    4.691     27.600     19.570     27.750     18.790
    2.683    0.302    4.691    1.184    0.699    5.441     27.600     19.570     29.850     20.700
    2.683    0.302    4.691    1.184    0.699    5.441     29.850     20.700     31.950     19.830
    0.733    0.857    5.273    1.088    0.638    5.864     27.750     11.860     28.500     11.780
    0.733    0.857    5.273    2.683    0.302    4.691     27.750     18.790     31.650     18.100
    3.052    0.283    3.203    4.972    1.093    1.556     27.750     42.700     28.200     42.780
    6.265    0.720    5.968    1.061    0.456    5.728     28.200      5.370     28.200      6.060
    1.061    0.456    5.728    2.272    0.894    4.100     28.200      5.370     29.850      5.110
    1.061    0.456    5.728    0.566    0.450    5.001     28.200      6.060     29.250      6.670
    1.088    0.638    5.864    2.020    0.610    4.358     28.200      7.970     27.750      9.440
    1.088    0.638    5.864    2.020    0.610    4.358     27.750      9.440     29.250      9.790
    2.020    0.610    4.358    0.566    0.450    5.001     28.200      7.970     29.550      7.710
    0.443    0.639    0.015    4.225    0.744    2.079     28.500      2.250     28.050      0.090
    2.272    0.894    4.100    0.443    0.639    0.015     28.500      2.250     32.400      2.770
    1.088    0.638    5.864    4.243    0.577    2.218     28.500     11.780     29.250      9.790
    4.243    0.577    2.218    0.733    0.857    5.273     28.500     11.780     31.950     13.420
    3.052    0.283    3.203    3.397    0.707    3.526     28.800     40.180     33.450     41.140
    1.391    0.377    5.119    3.052    0.283    3.203     29.100     42.780     29.700     42.780
    0.566    0.450    5.001    4.888    0.443    1.165     29.250      6.670     29.550      7.710
    4.888    0.443    1.165    1.061    0.456    5.728     29.250      6.670     30.600      6.060
    4.243    0.577    2.218    2.020    0.610    4.358     29.250      9.790     30.450      9.270
    2.020    0.610    4.358    4.888    0.443    1.165     29.550      7.710     30.600      9.010
    1.391    0.377    5.119    1.506    0.409    5.337     29.550     43.040     29.700     42.950
    1.061    0.456    5.728    3.054    0.532    3.106     29.850      5.110     30.600      6.060
    3.054    0.532    3.106    2.272    0.894    4.100     29.850      5.110     31.950      4.590
    4.243    0.577    2.218    1.223    0.749    5.443     30.450      9.270     32.400      9.700
    1.223    0.749    5.443    2.020    0.610    4.358     30.450      9.270     30.600      9.010
    3.054    0.532    3.106    4.888    0.443    1.165     30.600      6.060     31.350      6.150
    1.223    0.749    5.443    4.888    0.443    1.165     30.600      9.010     32.550      8.400
    4.832    0.408    0.807    1.275    0.674    5.706     31.200     35.160     31.800     25.630
    1.275    0.674    5.706    3.397    0.707    3.526     31.200     35.160     35.400     36.550
    4.888    0.443    1.165    0.622    0.653    4.922     31.350      6.150     32.700      7.970
    0.622    0.653    4.922    3.054    0.532    3.106     31.350      6.150     31.950      5.280
    2.683    0.302    4.691    6.228    0.742    6.167     31.650     18.100     31.950     19.830
    6.228    0.742    6.167    0.733    0.857    5.273     31.650     18.100     32.550     17.230
    1.275    0.674    5.706    1.184    0.699    5.441     31.800     25.630     35.100     23.730
    3.054    0.532    3.106    3.075    0.446    3.833     31.950      4.590     31.950      5.280
    3.075    0.446    3.833    2.272    0.894    4.100     31.950      4.590     32.400      3.460
    3.075    0.446    3.833    0.622    0.653    4.922     31.950      5.280     33.300      6.410
    0.733    0.857    5.273    2.500    0.995    4.071     31.950     13.420     32.550     17.230
    2.500    0.995    4.071    4.243    0.577    2.218     31.950     13.420     32.850     12.040
    6.228    0.742    6.167    1.184    0.699    5.441     31.950     19.830     33.750     20.180
    2.272    0.894    4.100    3.495    0.799    3.025     32.400      2.770     32.400      2.940
    3.495    0.799    3.025    0.443    0.639    0.015     32.400      2.770     33.900      1.910
    2.272    0.894    4.100    3.495    0.799    3.025     32.400      3.290     32.400      3.460
    3.495    0.799    3.025    3.075    0.446    3.833     32.400      3.460     34.050      2.680
    1.223    0.749    5.443    5.450    0.756    0.374     32.400      9.700     32.550      8.400
    5.450    0.756    0.374    4.243    0.577    2.218     32.400      9.700     32.850     10.480
    4.888    0.443    1.165    5.450    0.756    0.374     32.550      8.400     32.700      7.970
    2.500    0.995    4.071    6.228    0.742    6.167     32.550     17.230     34.200     17.840
    5.450    0.756    0.374    0.622    0.653    4.922     32.700      7.970     33.150      7.880
    5.450    0.756    0.374    2.737    0.691    3.111     32.850     10.480     34.350     11.520
    4.243    0.577    2.218    2.737    0.691    3.111     32.850     10.480     32.850     12.040
    2.737    0.691    3.111    2.500    0.995    4.071     32.850     12.040     34.350     11.520
    3.052    0.283    3.203    0.367    0.643    5.334     32.850     42.700     33.150     42.700
    0.622    0.653    4.922    0.483    0.644    6.274     33.150      7.880     33.300      6.410
    0.483    0.644    6.274    5.450    0.756    0.374     33.150      7.880     35.250      7.880
    3.052    0.283    3.203    4.584    1.119    1.276     33.150     42.700     33.450     42.520
    4.584    1.119    1.276    0.367    0.643    5.334     33.150     42.700     33.300     42.950
    0.483    0.644    6.274    3.075    0.446    3.833     33.300      6.410     34.650      6.150
    3.397    0.707    3.526    0.932    0.809    5.742     33.450     41.140     35.400     36.550
    0.932    0.809    5.742    3.052    0.283    3.203     33.450     41.140     33.750     42.180
    1.184    0.699    5.441    6.000    0.436    0.179     33.750     20.180     35.400     22.520
    1.184    0.699    5.441    6.000    0.436    0.179     35.400     22.520     34.650     22.780
    1.184    0.699    5.441    6.000    0.436    0.179     34.650     22.780     35.100     23.730
    6.000    0.436    0.179    6.228    0.742    6.167     33.750     20.180     34.650     19.310
    0.443    0.639    0.015    0.510    0.534    6.125     33.900      1.910     34.800      0.690
    0.510    0.534    6.125    3.495    0.799    3.025     33.900      1.910     34.050      2.680
    0.510    0.534    6.125    3.075    0.446    3.833     34.050      2.680     34.200      2.770
    3.075    0.446    3.833    6.180    0.647    0.441     34.200      2.770     35.100      5.370
    6.180    0.647    0.441    0.510    0.534    6.125     34.200      2.770     35.400      1.390
    6.228    0.742    6.167    5.452    0.794    1.327     34.200     17.840     34.650     19.310
    5.452    0.794    1.327    2.500    0.995    4.071     34.200     17.840     35.250     17.750
    5.452    0.794    1.327    2.500    0.995    4.071     35.250     17.750     36.600     15.240
    5.450    0.756    0.374    2.500    0.995    4.071     34.350     11.520     35.700     11.260
    0.483    0.644    6.274    1.475    0.765    5.188     34.650      6.150     35.250      7.880
    1.475    0.765    5.188    3.075    0.446    3.833     34.650      6.150     35.100      5.370
    5.452    0.794    1.327    6.000    0.436    0.179     34.650     19.310     35.700     19.400
    6.101    0.933    0.044    0.443    0.639    0.015     34.800      0.690     34.350      0.090
    0.510    0.534    6.125    6.101    0.933    0.044     34.800      0.690     35.400      1.390
    1.475    0.765    5.188    6.180    0.647    0.441     35.100      5.370     36.150      5.280
    6.000    0.436    0.179    1.275    0.674    5.706     35.100     23.730     36.150     23.470
    1.475    0.765    5.188    5.450    0.756    0.374     35.250      7.880     35.700      8.140
    6.101    0.933    0.044    6.180    0.647    0.441     35.400      1.390     36.750      1.130
    0.932    0.809    5.742    1.275    0.674    5.706     35.400     36.550     38.400     35.160
    1.475    0.765    5.188    3.608    0.310    3.271     35.700      8.140     36.900      7.970
    3.608    0.310    3.271    5.450    0.756    0.374     35.700      8.140     35.850      9.960
    5.450    0.756    0.374    0.777    0.376    5.531     35.700     11.260     35.850      9.960
    0.777    0.376    5.531    2.500    0.995    4.071     35.700     11.260     36.600     12.300
    6.000    0.436    0.179    4.174    0.724    2.587     35.700     19.400     36.150     23.470
    4.174    0.724    2.587    5.452    0.794    1.327     35.700     19.400     37.800     17.490
    3.608    0.310    3.271    0.777    0.376    5.531     35.850      9.960     36.750      9.790
    6.180    0.647    0.441    4.178    0.912    2.419     36.150      5.280     37.650      3.720
    4.178    0.912    2.419    1.475    0.765    5.188     36.150      5.280     36.900      7.970
    4.174    0.724    2.587    1.275    0.674    5.706     36.150     23.470     40.950     26.410
    0.777    0.376    5.531    4.639    0.567    1.831     36.600     12.300     37.800     12.300
    4.639    0.567    1.831    2.500    0.995    4.071     36.600     12.300     36.600     15.240
    5.452    0.794    1.327    4.639    0.567    1.831     36.600     15.240     37.800     17.490
    6.101    0.933    0.044    2.374    0.660    3.364     36.750      1.130     37.650      0.090
    2.374    0.660    3.364    6.180    0.647    0.441     36.750      1.130     37.650      3.720
    0.777    0.376    5.531    4.860    0.684    1.801     36.750      9.790     38.100     11.090
    4.860    0.684    1.801    3.608    0.310    3.271     36.750      9.790     37.350      8.400
    3.608    0.310    3.271    4.178    0.912    2.419     36.900      7.970     37.350      8.400
    4.178    0.912    2.419    4.860    0.684    1.801     37.350      8.400     39.600      8.490
    2.374    0.660    3.364    4.178    0.912    2.419     37.650      3.720     40.650      3.550
    0.777    0.376    5.531    4.121    0.631    2.890     37.800     12.300     38.100     11.090
    4.121    0.631    2.890    4.639    0.567    1.831     37.800     12.300     39.750     12.900
    4.121    0.631    2.890    4.639    0.567    1.831     39.750     12.900     41.100     11.600
    4.639    0.567    1.831    4.174    0.724    2.587     37.800     17.490     40.800     18.010
    4.639    0.567    1.831    4.174    0.724    2.587     40.800     18.010     42.900     19.920
    4.121    0.631    2.890    4.860    0.684    1.801     38.100     11.090     39.900     10.220
    1.275    0.674    5.706    3.958    0.630    2.200     38.400     35.160     39.300     34.640
    3.958    0.630    2.200    0.932    0.809    5.742     38.400     35.160     41.550     36.810
    1.275    0.674    5.706    4.292    0.718    1.605     39.300     34.640     38.400     30.830
    1.275    0.674    5.706    4.292    0.718    1.605     38.400     30.830     40.950     26.410
    4.292    0.718    1.605    3.958    0.630    2.200     39.300     34.640     41.400     35.510
    4.860    0.684    1.801    2.725    0.626    3.583     39.600      8.490     40.050      9.790
    2.725    0.626    3.583    4.178    0.912    2.419     39.600      8.490     40.950      6.670
    4.860    0.684    1.801    5.124    0.217    0.727     39.900     10.220     40.050      9.790
    5.124    0.217    0.727    4.121    0.631    2.890     39.900     10.220     41.100     11.600
    5.124    0.217    0.727    2.725    0.626    3.583     40.050      9.790     41.400      9.700
    4.178    0.912    2.419    4.047    0.739    1.522     40.650      3.550     41.400      4.330
    4.047    0.739    1.522    2.374    0.660    3.364     40.650      3.550     41.400      2.250
    4.047    0.739    1.522    2.374    0.660    3.364     41.400      2.250     42.900      1.910
    2.725    0.626    3.583    5.491    0.425    1.304     40.950      6.670     42.150      8.400
    5.491    0.425    1.304    4.178    0.912    2.419     40.950      6.670     41.400      4.330
    4.292    0.718    1.605    4.174    0.724    2.587     40.950     26.410     41.700     26.330
    4.639    0.567    1.831    5.124    0.217    0.727     41.100     11.600     42.900     10.740
    5.491    0.425    1.304    4.047    0.739    1.522     41.400      4.330     44.100      3.290
    2.725    0.626    3.583    5.371    0.700    1.612     41.400      9.700     42.150      8.400
    5.371    0.700    1.612    5.124    0.217    0.727     41.400      9.700     42.750     10.310
    3.958    0.630    2.200    0.914    0.618    6.123     41.400     35.510     41.550     36.810
    0.914    0.618    6.123    4.292    0.718    1.605     41.400     35.510     44.550     32.300
    0.932    0.809    5.742    0.914    0.618    6.123     41.550     36.810     41.850     38.540
    0.932    0.809    5.742    0.914    0.618    6.123     41.850     38.540     43.800     40.700
    4.174    0.724    2.587    2.386    0.721    4.616     41.700     26.330     43.350     22.950
    2.386    0.721    4.616    4.292    0.718    1.605     41.700     26.330     42.900     27.190
    0.932    0.809    5.742    2.446    0.601    3.476     41.700     42.950     42.300     42.950
    5.491    0.425    1.304    5.371    0.700    1.612     42.150      8.400     42.750      8.400
    5.491    0.425    1.304    0.836    0.230    5.432     42.750      8.400     44.400      7.620
    0.836    0.230    5.432    5.371    0.700    1.612     42.750      8.400     43.350      9.790
    5.124    0.217    0.727    4.392    0.393    1.927     42.750     10.310     42.900     10.740
    4.392    0.393    1.927    5.371    0.700    1.612     42.750     10.310     43.350      9.790
    2.374    0.660    3.364    2.765    0.659    3.977     42.900      1.910     41.850      0.090
    2.765    0.659    3.977    4.047    0.739    1.522     42.900      1.910     44.400      2.770
    4.392    0.393    1.927    4.639    0.567    1.831     42.900     10.740     43.800     11.090
    4.392    0.393    1.927    4.639    0.567    1.831     43.800     11.090     44.400     14.200
    4.174    0.724    2.587    3.938    0.694    2.952     42.900     19.920     43.350     21.220
    3.938    0.694    2.952    4.639    0.567    1.831     42.900     19.920     45.450     18.790
    4.292    0.718    1.605    2.045    0.636    4.885     42.900     27.190     44.850     30.220
    2.045    0.636    4.885    2.386    0.721    4.616     42.900     27.190     45.300     26.330
    2.045    0.636    4.885    2.386    0.721    4.616     45.300     26.330     45.900     24.080
    4.879    0.591    2.007    0.932    0.809    5.742     43.200     42.780     43.350     42.700
    4.392    0.393    1.927    0.836    0.230    5.432     43.350      9.790     44.400      9.700
    4.174    0.724    2.587    6.108    0.752    0.638     43.350     21.220     43.350     22.950
    6.108    0.752    0.638    3.938    0.694    2.952     43.350     21.220     45.300     20.960
    6.108    0.752    0.638    2.386    0.721    4.616     43.350     22.950     45.300     23.040
    3.386    0.068    2.418    0.932    0.809    5.742     43.350     42.520     42.900     41.740
    3.386    0.068    2.418    0.932    0.809    5.742     42.900     41.740     43.800     40.700
    3.386    0.068    2.418    4.879    0.591    2.007     43.650     42.700     43.800     42.780
    3.386    0.068    2.418    0.914    0.618    6.123     43.800     40.700     44.850     40.620
    5.491    0.425    1.304    0.916    0.690    5.680     44.100      3.290     44.400      5.540
    5.491    0.425    1.304    0.916    0.690    5.680     44.400      5.540     45.450      6.150
    0.916    0.690    5.680    4.047    0.739    1.522     44.100      3.290     44.250      3.200
    4.047    0.739    1.522    1.384    0.670    5.010     44.250      3.200     44.400      2.770
    1.384    0.670    5.010    0.916    0.690    5.680     44.250      3.200     46.200      3.810
    1.384    0.670    5.010    2.765    0.659    3.977     44.400      2.770     45.600      1.910
    5.491    0.425    1.304    4.779    0.442    1.010     44.400      7.620     45.450      6.150
    4.779    0.442    1.010    0.836    0.230    5.432     44.400      7.620     44.400      9.700
    4.779    0.442    1.010    4.392    0.393    1.927     44.400      9.700     45.900     10.050
    4.639    0.567    1.831    1.232    0.196    5.421     44.400     14.200     44.250     15.680
    4.639    0.567    1.831    1.232    0.196    5.421     44.250     15.680     45.600     16.280
    4.639    0.567    1.831    1.232    0.196    5.421     45.600     16.280     45.600     17.320
    1.232    0.196    5.421    4.392    0.393    1.927     44.400     14.200     46.350     13.080
    4.292    0.718    1.605    3.410    0.538    3.233     44.550     32.300     44.850     30.220
    3.410    0.538    3.233    0.914    0.618    6.123     44.550     32.300     44.850     32.650
    2.045    0.636    4.885    3.410    0.538    3.233     44.850     30.220     46.200     29.440
    0.914    0.618    6.123    4.698    0.364    2.115     44.850     32.650     44.850     40.620
    4.698    0.364    2.115    3.410    0.538    3.233     44.850     32.650     48.150     32.300
    4.698    0.364    2.115    3.386    0.068    2.418     44.850     40.620     45.900     41.400
    6.108    0.752    0.638    0.163    0.432    6.020     45.300     20.960     45.300     23.040
    0.163    0.432    6.020    3.938    0.694    2.952     45.300     20.960     46.350     19.660
    2.386    0.721    4.616    0.163    0.432    6.020     45.300     23.040     45.900     24.080
    4.779    0.442    1.010    0.916    0.690    5.680     45.450      6.150     46.200      6.410
    4.639    0.567    1.831    4.467    0.809    2.262     45.450     18.790     45.600     17.320
    4.467    0.809    2.262    3.938    0.694    2.952     45.450     18.790     45.900     19.400
    2.765    0.659    3.977    1.380    0.674    4.228     45.600      1.910     45.900      1.390
    1.380    0.674    4.228    1.384    0.670    5.010     45.600      1.910     46.800      1.910
    1.380    0.674    4.228    1.384    0.670    5.010     46.800      1.910     45.900      1.390
    4.467    0.809    2.262    1.232    0.196    5.421     45.600     17.320     47.700     17.320
    3.386    0.068    2.418    0.203    0.747    0.286     45.600     42.950     45.900     41.400
    2.765    0.659    3.977    1.384    0.670    5.010     45.900      1.390     46.950      0.090
    4.392    0.393    1.927    3.794    0.299    2.983     45.900     10.050     46.800     11.090
    3.794    0.299    2.983    4.779    0.442    1.010     45.900     10.050     47.400      8.140
    3.938    0.694    2.952    3.127    0.595    3.465     45.900     19.400     46.350     19.660
    3.127    0.595    3.465    4.467    0.809    2.262     45.900     19.400     47.400     18.530
    2.045    0.636    4.885    0.163    0.432    6.020     45.900     24.080     48.150     23.990
    4.698    0.364    2.115    0.203    0.747    0.286     45.900     41.400     50.400     40.880
    0.916    0.690    5.680    6.187    0.343    0.770     46.200      3.810     46.800      5.540
    6.187    0.343    0.770    1.384    0.670    5.010     46.200      3.810     47.850      2.510
    4.779    0.442    1.010    2.003    0.568    4.564     46.200      6.410     47.400      8.140
    2.003    0.568    4.564    0.916    0.690    5.680     46.200      6.410     46.800      5.540
    2.045    0.636    4.885    1.767    0.261    4.425     46.200     29.440     48.900     24.600
    1.767    0.261    4.425    3.410    0.538    3.233     46.200     29.440     48.150     32.300
    4.392    0.393    1.927    3.397    0.226    3.838     46.350     13.080     46.800     11.090
    3.397    0.226    3.838    1.232    0.196    5.421     46.350     13.080     48.600     13.860
    0.163    0.432    6.020    3.127    0.595    3.465     46.350     19.660     47.250     19.830
    6.187    0.343    0.770    2.003    0.568    4.564     46.800      5.540     48.450      5.800
    3.397    0.226    3.838    3.794    0.299    2.983     46.800     11.090     49.050     11.000
    3.127    0.595    3.465    4.740    0.265    1.211     47.250     19.830     47.400     18.530
    4.740    0.265    1.211    0.163    0.432    6.020     47.250     19.830     49.050     21.910
    1.384    0.670    5.010    5.129    0.202    0.814     47.400      0.170     47.850      2.510
    2.003    0.568    4.564    3.794    0.299    2.983     47.400      8.140     49.350      8.920
    4.467    0.809    2.262    4.740    0.265    1.211     47.400     18.530     47.700     18.010
    4.467    0.809    2.262    0.310    0.589    0.146     47.700     17.320     47.700     18.010
    0.310    0.589    0.146    1.232    0.196    5.421     47.700     17.320     48.600     16.970
    0.310    0.589    0.146    4.740    0.265    1.211     47.700     18.010     48.600     18.010
    0.310    0.589    0.146    4.740    0.265    1.211     48.600     18.010     48.600     16.970
    6.187    0.343    0.770    5.129    0.202    0.814     47.850      2.510     49.500      3.290
    6.187    0.343    0.770    5.129    0.202    0.814     49.500      3.290     50.100      5.020
    0.163    0.432    6.020    5.588    0.383    0.595     48.150     23.990     48.900     23.210
    5.588    0.383    0.595    2.045    0.636    4.885     48.150     23.990     48.900     24.600
    1.767    0.261    4.425    4.698    0.364    2.115     48.150     32.300     52.650     35.250
    6.187    0.343    0.770    6.226    0.622    6.008     48.450      5.800     50.100      5.020
    6.226    0.622    6.008    2.003    0.568    4.564     48.450      5.800     49.350      7.190
    3.397    0.226    3.838    4.667    0.464    2.255     48.600     13.860     49.500     11.260
    4.667    0.464    2.255    1.232    0.196    5.421     48.600     13.860     48.900     14.720
    1.232    0.196    5.421    4.740    0.265    1.211     48.600     16.970     49.050     15.680
    1.232    0.196    5.421    1.240    0.398    4.984     48.900     14.720     49.050     15.680
    1.240    0.398    4.984    4.667    0.464    2.255     48.900     14.720     51.300     12.820
    0.163    0.432    6.020    4.963    0.744    2.078     48.900     23.210     49.050     21.910
    4.963    0.744    2.078    5.588    0.383    0.595     48.900     23.210     49.050     24.510
    1.767    0.261    4.425    5.588    0.383    0.595     48.900     24.600     49.050     24.510
    3.794    0.299    2.983    5.186    0.663    1.158     49.050     11.000     49.500      9.010
    5.186    0.663    1.158    3.397    0.226    3.838     49.050     11.000     49.500     11.260
    1.240    0.398    4.984    4.740    0.265    1.211     49.050     15.680     52.050     15.680
    4.740    0.265    1.211    4.963    0.744    2.078     49.050     21.910     51.600     20.610
    4.740    0.265    1.211    4.963    0.744    2.078     51.600     20.610     52.500     19.050
    4.963    0.744    2.078    1.767    0.261    4.425     49.050     24.510     53.550     25.370
    2.825    0.549    4.355    2.003    0.568    4.564     49.350      7.190     49.350      8.920
    2.825    0.549    4.355    6.226    0.622    6.008     49.350      7.190     50.550      6.320
    2.825    0.549    4.355    3.794    0.299    2.983     49.350      8.920     49.500      9.010
    5.186    0.663    1.158    2.825    0.549    4.355     49.500      9.010     51.900      9.180
    5.186    0.663    1.158    4.667    0.464    2.255     49.500     11.260     51.000     11.600
    5.129    0.202    0.814    6.226    0.622    6.008     50.100      5.020     50.550      5.630
    4.698    0.364    2.115    5.100    0.622    0.561     50.400     40.880     51.900     38.620
    5.100    0.622    0.561    0.203    0.747    0.286     50.400     40.880     52.050     41.480
    6.226    0.622    6.008    4.084    0.357    2.403     50.550      5.630     50.550      6.320
    4.084    0.357    2.403    5.129    0.202    0.814     50.550      5.630     53.400      5.890
    4.084    0.357    2.403    2.825    0.549    4.355     50.550      6.320     52.500      7.620
    4.667    0.464    2.255    2.455    0.604    4.211     51.000     11.600     51.300     12.820
    2.455    0.604    4.211    5.186    0.663    1.158     51.000     11.600     51.600     11.780
    2.455    0.604    4.211    1.240    0.398    4.984     51.300     12.820     51.450     12.900
    1.240    0.398    4.984    1.507    0.672    5.401     51.450     12.900     51.750     13.420
    1.507    0.672    5.401    2.455    0.604    4.211     51.450     12.900     51.600     11.780
    5.186    0.663    1.158    1.507    0.672    5.401     51.600     11.780     52.950     11.860
    1.240    0.398    4.984    2.277    0.690    3.939     51.750     13.420     52.050     15.680
    2.277    0.690    3.939    1.507    0.672    5.401     51.750     13.420     52.650     13.080
    2.825    0.549    4.355    1.656    0.774    4.574     51.900      9.180     52.500      7.620
    1.656    0.774    4.574    5.186    0.663    1.158     51.900      9.180     53.100      9.180
    5.100    0.622    0.561    1.836    0.759    4.041     51.900     38.620     52.800     40.880
    1.836    0.759    4.041    4.698    0.364    2.115     51.900     38.620     52.650     35.250
    2.277    0.690    3.939    4.740    0.265    1.211     52.050     15.680     53.850     16.020
    0.203    0.747    0.286    5.664    0.743    0.480     52.050     41.480     52.350     43.040
    5.664    0.743    0.480    5.100    0.622    0.561     52.050     41.480     52.800     40.880
    4.084    0.357    2.403    1.656    0.774    4.574     52.500      7.620     52.950      7.710
    4.740    0.265    1.211    4.017    0.367    2.177     52.500     19.050     53.850     17.230
    4.017    0.367    2.177    4.963    0.744    2.078     52.500     19.050     54.900     18.880
    1.836    0.759    4.041    1.767    0.261    4.425     52.650     35.250     55.050     34.210
    1.836    0.759    4.041    5.664    0.743    0.480     52.800     40.880     56.400     41.220
    1.656    0.774    4.574    5.914    0.616    5.974     52.950      7.710     53.100      9.180
    5.914    0.616    5.974    4.084    0.357    2.403     52.950      7.710     53.550      6.670
    2.277    0.690    3.939    1.507    0.672    5.401     52.950     12.900     53.100     12.820
    5.914    0.616    5.974    5.186    0.663    1.158     53.100      9.180     54.000      9.530
    5.186    0.663    1.158    2.899    0.768    3.868     53.250     11.520     54.000      9.530
    4.084    0.357    2.403    4.000    0.478    2.564     53.400      5.890     53.550      6.670
    4.000    0.478    2.564    5.129    0.202    0.814     53.400      5.890     54.600      4.500
    0.729    0.413    5.332    2.899    0.768    3.868     53.400     11.600     53.850     11.520
    2.277    0.690    3.939    5.673    0.661    0.767     53.400     13.160     54.000     14.720
    5.914    0.616    5.974    4.000    0.478    2.564     53.550      6.670     55.350      7.190
    1.097    0.344    4.620    1.488    0.512    5.010     53.550     12.380     53.850     12.380
    1.767    0.261    4.425    5.116    0.780    0.525     53.550     25.370     54.450     27.110
    5.116    0.780    0.525    4.963    0.744    2.078     53.550     25.370     54.750     25.890
    1.488    0.512    5.010    0.059    0.699    0.001     53.850     12.380     54.000     12.820
    1.097    0.344    4.620    0.059    0.699    0.001     53.850     12.380     54.000     12.300
    4.740    0.265    1.211    5.602    0.453    0.308     53.850     16.020     53.850     17.230
    5.602    0.453    0.308    2.277    0.690    3.939     53.850     16.020     54.000     14.720
    5.602    0.453    0.308    4.017    0.367    2.177     53.850     17.230     54.600     17.320
    2.899    0.768    3.868    5.914    0.616    5.974     54.000      9.530     54.900      9.530
    5.602    0.453    0.308    5.673    0.661    0.767     54.000     14.720     55.050     14.120
    0.059    0.699    0.001    0.188    0.633    0.295     54.150     12.380     54.300     12.820
    5.116    0.780    0.525    3.916    0.623    3.060     54.450     27.110     54.750     25.890
    3.916    0.623    3.060    1.767    0.261    4.425     54.450     27.110     55.800     31.870
    5.129    0.202    0.814    5.650    0.733    6.244     54.600      4.500     54.450      3.550
    5.129    0.202    0.814    5.650    0.733    6.244     54.450      3.550     55.800      2.420
    5.650    0.733    6.244    4.000    0.478    2.564     54.600      4.500     56.100      4.330
    4.017    0.367    2.177    2.588    0.970    3.970     54.600     17.320     54.900     18.880
    2.588    0.970    3.970    5.602    0.453    0.308     54.600     17.320     57.150     17.230
    3.916    0.623    3.060    4.963    0.744    2.078     54.750     25.890     57.000     24.770
    3.916    0.623    3.060    4.963    0.744    2.078     57.000     24.770     59.850     21.390
    2.899    0.768    3.868    1.532    0.250    4.022     54.900      9.530     55.050      9.790
    1.532    0.250    4.022    5.914    0.616    5.974     54.900      9.530     55.350      9.440
    2.899    0.768    3.868    1.784    0.528    3.807     54.900     11.780     55.500     10.570
    1.784    0.528    3.807    5.673    0.661    0.767     54.900     13.860     55.050     14.120
    4.963    0.744    2.078    2.588    0.970    3.970     54.900     18.880     57.150     19.140
    4.176    0.210    2.116    5.502    0.451    0.488     55.050     12.380     55.350     12.380
    1.784    0.528    3.807    5.602    0.453    0.308     55.050     14.120     57.600     14.720
    0.557    0.653    5.805    1.767    0.261    4.425     55.050     34.210     55.800     31.870
    1.836    0.759    4.041    0.557    0.653    5.805     55.050     34.210     57.150     35.250
    5.914    0.616    5.974    1.784    0.528    3.807     55.350      7.190     55.650      9.270
    4.000    0.478    2.564    1.784    0.528    3.807     55.350      7.190     55.800      7.100
    1.784    0.528    3.807    4.176    0.210    2.116     55.350     12.040     55.500     12.300
    2.937    0.227    3.038    5.502    0.451    0.488     55.350     12.380     55.500     12.820
    2.937    0.227    3.038    4.176    0.210    2.116     55.350     12.380     55.500     12.300
    1.784    0.528    3.807    5.502    0.451    0.488     55.350     12.900     55.500     12.820
    1.784    0.528    3.807    2.937    0.227    3.038     55.500     12.300     55.500     12.820
    5.220    0.913    0.738    5.129    0.202    0.814     55.800      0.690     55.350      0.090
    5.129    0.202    0.814    5.312    0.640    1.728     55.800      0.690     55.800      2.420
    5.312    0.640    1.728    5.220    0.913    0.738     55.800      0.690     56.850      0.090
    5.312    0.640    1.728    5.650    0.733    6.244     55.800      2.420     56.550      3.200
    4.000    0.478    2.564    5.318    0.176    1.689     55.800      7.100     56.400      5.020
    5.318    0.176    1.689    1.784    0.528    3.807     55.800      7.100     57.450      6.320
    0.557    0.653    5.805    3.916    0.623    3.060     55.800     31.870     57.600     34.990
    4.000    0.478    2.564    4.548    0.151    1.327     56.100      4.330     56.400      5.020
    4.548    0.151    1.327    5.650    0.733    6.244     56.100      4.330     56.550      3.200
    4.548    0.151    1.327    5.318    0.176    1.689     56.400      5.020     57.750      5.630
    5.664    0.743    0.480    1.727    0.725    3.898     56.400     41.220     56.850     41.480
    1.836    0.759    4.041    1.727    0.725    3.898     56.400     41.220     56.850     41.140
    5.312    0.640    1.728    4.548    0.151    1.327     56.550      3.200     58.650      1.990
    5.664    0.743    0.480    0.936    0.828    5.694     56.850     41.480     55.950     43.040
    0.936    0.828    5.694    1.727    0.725    3.898     56.850     41.480     57.000     41.400
    1.836    0.759    4.041    3.287    0.467    2.452     57.000     40.880     57.600     39.660
    5.602    0.453    0.308    1.444    0.794    5.139     57.150     17.230     57.750     15.680
    1.444    0.794    5.139    2.588    0.970    3.970     57.150     17.230     57.450     18.790
    4.963    0.744    2.078    5.900    0.235    1.395     57.150     19.140     58.050     19.310
    5.900    0.235    1.395    2.588    0.970    3.970     57.150     19.140     57.450     18.790
    1.836    0.759    4.041    0.616    0.424    5.784     57.150     35.250     57.600     39.660
    0.616    0.424    5.784    0.557    0.653    5.805     57.150     35.250     57.600     34.990
    1.704    0.581    4.699    3.287    0.467    2.452     57.300     41.220     58.350     40.620
    1.704    0.581    4.699    0.936    0.828    5.694     57.300     41.400     57.600     42.260
    1.704    0.581    4.699    0.936    0.828    5.694     57.600     42.260     58.650     42.180
    5.318    0.176    1.689    0.487    0.266    5.779     57.450      6.320     57.750      5.630
    0.487    0.266    5.779    1.784    0.528    3.807     57.450      6.320     58.650      7.360
    1.444    0.794    5.139    5.900    0.235    1.395     57.450     18.790     58.050     19.310
    5.602    0.453    0.308    4.871    0.611    0.799     57.600     14.720     57.750     15.680
    4.871    0.611    0.799    1.784    0.528    3.807     57.600     14.720     58.950     15.160
    0.616    0.424    5.784    3.916    0.623    3.060     57.600     34.990     61.050     36.290
    3.287    0.467    2.452    0.616    0.424    5.784     57.600     39.660     58.500     39.660
    0.487    0.266    5.779    4.548    0.151    1.327     57.750      5.630     58.950      5.800
    4.871    0.611    0.799    1.444    0.794    5.139     57.750     15.680     58.950     15.160
    5.312    0.640    1.728    2.479    0.819    4.372     57.900      0.350     58.350      0.430
    1.444    0.794    5.139    4.963    0.744    2.078     58.050     19.310     59.250     19.830
    3.287    0.467    2.452    3.822    0.659    1.931     58.350     40.620     58.500     39.660
    3.822    0.659    1.931    1.704    0.581    4.699     58.350     40.620     59.100     40.700
    3.822    0.659    1.931    0.616    0.424    5.784     58.500     39.660     59.850     40.100
    1.704    0.581    4.699    3.877    0.770    1.630     58.650     42.180     59.100     40.700
    3.877    0.770    1.630    0.936    0.828    5.694     58.650     42.180     58.650     43.040
    1.784    0.528    3.807    1.933    0.561    4.601     58.800      7.450     59.250      8.230
    1.784    0.528    3.807    1.933    0.561    4.601     59.250      8.230     60.600      7.620
    5.312    0.640    1.728    0.299    0.306    5.674     58.950      1.650     59.100      1.390
    4.548    0.151    1.327    2.974    0.719    3.927     58.950      5.800     59.250      4.590
    2.974    0.719    3.927    0.487    0.266    5.779     58.950      5.800     59.100      6.580
    1.933    0.561    4.601    0.487    0.266    5.779     58.950      7.190     59.100      6.930
    1.784    0.528    3.807    1.444    0.794    5.139     58.950     15.160     59.850     15.160
    3.877    0.770    1.630    3.822    0.659    1.931     59.100     40.700     60.000     40.360
    1.104    0.723    5.036    4.548    0.151    1.327     59.250      3.200     59.250      4.590
    2.974    0.719    3.927    1.104    0.723    5.036     59.250      4.590     60.600      3.810
    1.933    0.561    4.601    2.974    0.719    3.927     59.250      6.670     60.900      6.410
    1.444    0.794    5.139    5.871    0.228    6.144     59.250     19.830     62.100     19.050
    5.871    0.228    6.144    4.963    0.744    2.078     59.250     19.830     59.850     21.390
    0.299    0.306    5.674    0.524    0.908    5.487     59.400      1.730     59.550      1.650
    1.104    0.723    5.036    4.461    0.609    2.297     59.850      3.200     60.000      3.290
    1.784    0.528    3.807    2.647    0.738    4.367     59.850     15.160     60.750     14.980
    2.647    0.738    4.367    1.444    0.794    5.139     59.850     15.160     60.600     15.760
    5.871    0.228    6.144    3.916    0.623    3.060     59.850     21.390     61.650     21.390
    0.616    0.424    5.784    3.376    0.515    3.004     59.850     40.100     61.050     36.290
    3.376    0.515    3.004    3.822    0.659    1.931     59.850     40.100     60.000     40.360
    3.376    0.515    3.004    3.877    0.770    1.630     60.000     40.360     62.100     40.700
    1.933    0.561    4.601    1.474    0.345    5.526     60.600      7.620     60.900      6.410
    1.474    0.345    5.526    1.784    0.528    3.807     60.600      7.620     62.550      8.230
    1.784    0.528    3.807    1.474    0.345    5.526     62.550      8.230     62.550      9.270
    1.474    0.345    5.526    1.784    0.528    3.807     62.550      9.270     65.400      9.530
    1.444    0.794    5.139    4.723    0.549    1.674     60.600     15.760     62.100     19.050
    4.723    0.549    1.674    2.647    0.738    4.367     60.600     15.760     60.750     14.980
    1.474    0.345    5.526    2.974    0.719    3.927     60.750      3.720     61.500      4.330
    1.474    0.345    5.526    2.974    0.719    3.927     61.500      4.330     60.900      6.410
    4.723    0.549    1.674    1.784    0.528    3.807     60.750     14.980     62.400     13.160
    4.723    0.549    1.674    1.784    0.528    3.807     62.400     13.160     65.250     12.040
    3.376    0.515    3.004    3.916    0.623    3.060     61.050     36.290     63.300     36.550
    5.871    0.228    6.144    5.845    0.469    6.073     61.650     21.390     62.550     19.140
    5.845    0.469    6.073    3.916    0.623    3.060     61.650     21.390     68.100     27.710
    4.723    0.549    1.674    5.871    0.228    6.144     62.100     19.050     62.550     19.140
    3.877    0.770    1.630    4.147    0.198    3.356     62.100     40.700     64.050     43.040
    4.147    0.198    3.356    3.376    0.515    3.004     62.100     40.700     63.600     39.320
    5.845    0.469    6.073    4.723    0.549    1.674     62.550     19.140     67.200     18.010
    3.376    0.515    3.004    2.962    0.299    4.044     63.300     36.550     64.200     37.590
    2.962    0.299    4.044    3.916    0.623    3.060     63.300     36.550     65.100     35.680
    3.376    0.515    3.004    3.942    0.438    2.699     63.600     39.320     64.200     37.590
    3.942    0.438    2.699    4.147    0.198    3.356     63.600     39.320     65.550     39.580
    3.942    0.438    2.699    2.962    0.299    4.044     64.200     37.590     64.950     37.500
    4.147    0.198    3.356    2.677    0.427    4.127     64.800     42.950     65.550     40.620
    2.962    0.299    4.044    0.371    0.429    5.802     64.950     37.500     65.100     35.680
    0.371    0.429    5.802    3.942    0.438    2.699     64.950     37.500     65.850     38.880
    3.916    0.623    3.060    0.371    0.429    5.802     65.100     35.680     65.700     35.160
    3.942    0.438    2.699    1.415    0.669    4.413     65.550     39.580     65.700     39.320
    1.415    0.669    4.413    4.147    0.198    3.356     65.550     39.580     65.550     40.620
    1.415    0.669    4.413    2.677    0.427    4.127     65.550     40.620     66.600     41.220
    1.474    0.345    5.526    5.701    0.687    0.421     65.700      0.690     65.700      0.870
    1.784    0.528    3.807    5.158    0.840    0.916     65.700     10.050     65.700     10.220
    1.784    0.528    3.807    5.158    0.840    0.916     65.700     10.570     65.700     10.740
    1.784    0.528    3.807    5.158    0.840    0.916     65.700     11.090     65.700     11.260
    2.744    0.473    3.973    4.723    0.549    1.674     65.700     12.300     68.550     13.080
    3.916    0.623    3.060    3.265    0.566    3.209     65.700     35.160     66.150     33.170
    3.916    0.623    3.060    3.265    0.566    3.209     66.150     33.170     68.250     30.740
    3.265    0.566    3.209    0.371    0.429    5.802     65.700     35.160     70.350     36.290
    3.942    0.438    2.699    0.915    0.927    5.834     65.700     39.320     65.850     38.880
    0.915    0.927    5.834    1.415    0.669    4.413     65.700     39.320     67.050     40.100
    5.701    0.687    0.421    1.474    0.345    5.526     65.850      1.130     66.150      1.130
    5.158    0.840    0.916    1.474    0.345    5.526     65.850      9.270     66.900      8.140
    2.744    0.473    3.973    5.158    0.840    0.916     65.850     11.340     68.700     12.120
    2.744    0.473    3.973    5.158    0.840    0.916     68.700     12.120     68.550     13.080
    0.915    0.927    5.834    0.371    0.429    5.802     65.850     38.880     67.050     38.880
    5.701    0.687    0.421    4.180    0.428    1.914     66.150      1.130     66.300      0.690
    1.474    0.345    5.526    4.180    0.428    1.914     66.150      1.130     66.450      1.130
    2.677    0.427    4.127    2.138    0.543    4.845     66.600     41.220     65.850     43.040
    2.138    0.543    4.845    1.415    0.669    4.413     66.600     41.220     66.900     40.880
    1.474    0.345    5.526    5.291    0.814    0.394     66.900      8.140     66.450      7.710
    1.474    0.345    5.526    5.291    0.814    0.394     66.450      7.710     67.650      7.190
    5.291    0.814    0.394    5.158    0.840    0.916     66.900      8.140     67.800      7.620
    1.415    0.669    4.413    2.451    0.847    4.033     66.900     40.880     67.200     40.180
    2.451    0.847    4.033    2.138    0.543    4.845     66.900     40.880     68.550     42.700
    1.304    0.685    4.839    0.915    0.927    5.834     67.050     38.880     67.050     40.100
    1.304    0.685    4.839    0.371    0.429    5.802     67.050     38.880     68.100     39.140
    1.304    0.685    4.839    1.415    0.669    4.413     67.050     40.100     67.200     40.180
    4.723    0.549    1.674    0.175    0.820    5.490     67.200     18.010     69.750     14.640
    0.175    0.820    5.490    5.845    0.469    6.073     67.200     18.010     70.650     18.790
    2.451    0.847    4.033    1.304    0.685    4.839     67.200     40.180     68.100     39.140
    5.291    0.814    0.394    0.037    0.798    6.238     67.650      7.190     67.800      7.620
    0.037    0.798    6.238    1.474    0.345    5.526     67.650      7.190     69.750      5.630
    1.474    0.345    5.526    1.102    0.546    5.427     67.800      0.690     67.950      1.130
    0.037    0.798    6.238    5.158    0.840    0.916     67.800      7.620     69.750      7.710
    4.642    0.595    0.891    1.102    0.546    5.427     67.950      1.130     68.100      0.690
    4.642    0.595    0.891    1.474    0.345    5.526     67.950      1.130     68.250      1.130
    3.916    0.623    3.060    1.541    0.459    5.045     68.100     27.710     68.250     30.740
    1.541    0.459    5.045    5.845    0.469    6.073     68.100     27.710     70.650     27.450
    2.451    0.847    4.033    0.371    0.429    5.802     68.100     39.140     69.750     38.880
    1.541    0.459    5.045    3.265    0.566    3.209     68.250     30.740     70.200     30.480
    5.158    0.840    0.916    4.723    0.549    1.674     68.550     13.080     69.750     14.640
    2.451    0.847    4.033    1.534    1.088    4.616     68.550     42.700     70.050     42.520
    1.534    1.088    4.616    2.138    0.543    4.845     68.550     42.700     68.250     43.040
    5.158    0.840    0.916    2.257    0.822    4.376     69.750      7.710     70.650      7.710
    2.257    0.822    4.376    0.037    0.798    6.238     69.750      7.710     69.900      5.890
    5.158    0.840    0.916    0.175    0.820    5.490     69.750     14.640     70.650     14.640
    2.451    0.847    4.033    0.271    0.303    5.616     69.750     38.880     70.650     39.400
    0.271    0.303    5.616    0.371    0.429    5.802     69.750     38.880     70.350     37.500
    1.534    1.088    4.616    5.172    0.820    1.286     70.050     42.520     69.750     43.040
    5.172    0.820    1.286    2.451    0.847    4.033     70.050     42.520     70.650     42.000
    1.541    0.459    5.045    2.467    0.181    4.007     70.200     30.480     70.650     30.220
    2.467    0.181    4.007    3.265    0.566    3.209     70.200     30.480     70.650     30.740
    0.371    0.429    5.802    6.089    0.347    5.944     70.350     36.290     70.650     36.980
    6.089    0.347    5.944    3.265    0.566    3.209     70.350     36.290     70.650     36.290
    0.371    0.429    5.802    6.050    0.340    5.977     70.350     37.500     70.650     37.330
    6.050    0.340    5.977    0.271    0.303    5.616     70.350     37.500     70.650     37.500
