# segment file written by condition_segs: version 05/07/22
# some SrTiO3 data from http://mimp.materials.cmu.edu/~gr20/Grain_Boundary_Data_Archive/SrTiO3_1/SrT
# comment: Some SrTiO3 data from the Grain_Boundary_Data_Archive                                               
#   phi1     PHI      phi2     phi1     PHI      phi2        x1         y1         x2         y2 
    2.448    0.527    4.634    0.531    0.499    5.871      0.000      1.390      1.050      0.090
    0.531    0.499    5.871    1.724    0.683    5.244      0.000      2.420      2.400      1.910
    1.724    0.683    5.244    3.103    0.264    3.327      0.000      3.460      2.400      5.540
    3.103    0.264    3.327    0.630    0.893    5.654      0.000      6.580      1.050      6.670
    0.630    0.893    5.654    3.783    0.573    2.988      0.000      8.140      0.900      8.140
    3.783    0.573    2.988    0.671    0.543    5.184      0.000     13.340      2.250     11.520
    0.671    0.543    5.184    4.452    0.715    2.288      0.000     14.900      1.500     14.200
    4.452    0.715    2.288    2.318    1.006    3.986      0.000     15.420      1.950     15.680
    0.004    0.503    6.025    2.318    1.006    3.986      0.000     19.920      1.050     19.660
    2.058    0.758    3.730    0.004    0.503    6.025      0.000     21.480      0.300     21.480
    1.930    0.765    4.154    2.058    0.758    3.730      0.000     23.560      0.600     23.210
    1.930    0.765    4.154    2.829    0.638    4.066      0.000     25.290      0.750     26.410
    6.000    0.449    0.692    1.971    0.513    3.550      0.000     32.910      0.150     32.820
    3.434    0.559    2.313    6.000    0.449    0.692      0.000     34.470      0.900     34.990
    3.434    0.559    2.313    1.054    0.546    5.960      0.000     36.720      0.900     35.510
    1.054    0.546    5.960    1.702    0.424    5.560      0.000     37.240      0.150     39.060
    2.837    0.518    2.943    1.702    0.424    5.560      0.000     39.140      0.150     39.060
    2.837    0.518    2.943    3.977    0.899    2.342      0.000     40.880      0.900     39.140
    1.971    0.513    3.550    1.857    0.471    4.652      0.150     32.820      1.350     31.780
    1.857    0.471    4.652    6.000    0.449    0.692      0.150     32.820      1.500     34.470
    1.054    0.546    5.960    2.837    0.518    2.943      0.150     39.060      0.900     39.140
    2.058    0.758    3.730    3.525    0.396    2.951      0.300     21.480      0.600     23.210
    3.525    0.396    2.951    0.004    0.503    6.025      0.300     21.480      1.500     21.130
    1.971    0.513    3.550    2.829    0.638    4.066      0.300     27.370      0.750     27.110
    3.525    0.396    2.951    1.930    0.765    4.154      0.600     23.210      1.500     23.210
    2.829    0.638    4.066    1.399    0.603    5.534      0.750     26.410      0.750     27.110
    1.399    0.603    5.534    1.930    0.765    4.154      0.750     26.410      2.250     25.890
    1.399    0.603    5.534    1.971    0.513    3.550      0.750     27.110      2.250     27.110
    0.630    0.893    5.654    5.343    1.154    1.122      0.900      8.140      1.050      6.670
    5.343    1.154    1.122    3.783    0.573    2.988      0.900      8.140      2.250      8.400
    3.434    0.559    2.313    1.054    0.546    5.960      0.900     34.990      0.900     35.160
    1.054    0.546    5.960    6.000    0.449    0.692      0.900     34.990      1.500     34.470
    3.977    0.899    2.342    1.054    0.546    5.960      0.900     39.140      2.250     39.400
    0.813    0.305    6.114    0.531    0.499    5.871      1.050      0.090      2.550      1.470
    5.343    1.154    1.122    3.103    0.264    3.327      1.050      6.670      1.500      6.580
    0.004    0.503    6.025    4.901    0.399    0.932      1.050     19.660      1.500     20.090
    4.901    0.399    0.932    2.318    1.006    3.986      1.050     19.660      2.550     18.790
    1.971    0.513    3.550    4.727    0.756    1.388      1.350     31.780      2.400     30.480
    4.727    0.756    1.388    1.857    0.471    4.652      1.350     31.780      1.650     34.380
    3.103    0.264    3.327    5.058    0.681    1.730      1.500      6.580      2.400      5.540
    5.058    0.681    1.730    5.343    1.154    1.122      1.500      6.580      2.550      7.710
    4.452    0.715    2.288    4.959    0.611    1.007      1.500     14.200      1.950     15.680
    4.959    0.611    1.007    0.671    0.543    5.184      1.500     14.200      2.700     13.340
    4.901    0.399    0.932    3.029    0.535    3.586      1.500     20.090      2.700     19.570
    0.004    0.503    6.025    3.029    0.535    3.586      1.500     20.090      1.500     21.130
    3.029    0.535    3.586    3.525    0.396    2.951      1.500     21.130      1.650     21.390
    3.525    0.396    2.951    0.024    0.510    0.769      1.500     23.210      1.650     21.390
    0.024    0.510    0.769    1.930    0.765    4.154      1.500     23.210      3.300     25.290
    1.054    0.546    5.960    1.857    0.471    4.652      1.500     34.470      1.650     34.380
    3.029    0.535    3.586    0.024    0.510    0.769      1.650     21.390      3.300     20.610
    4.727    0.756    1.388    1.054    0.546    5.960      1.650     34.380      4.200     33.600
    4.959    0.611    1.007    2.318    1.006    3.986      1.950     15.680      2.550     16.020
    5.343    1.154    1.122    4.971    0.440    1.961      2.250      8.400      2.550      7.710
    4.971    0.440    1.961    3.783    0.573    2.988      2.250      8.400      2.400      9.180
    3.783    0.573    2.988    1.290    0.753    4.728      2.250     11.520      2.550     10.310
    1.290    0.753    4.728    0.671    0.543    5.184      2.250     11.520      2.850     11.860
    1.399    0.603    5.534    2.651    0.482    4.296      2.250     25.890      2.250     27.110
    2.651    0.482    4.296    1.930    0.765    4.154      2.250     25.890      3.300     25.290
    2.651    0.482    4.296    1.971    0.513    3.550      2.250     27.110      3.450     27.970
    4.621    0.777    2.239    0.531    0.499    5.871      2.400      1.910      2.550      1.470
    4.621    0.777    2.239    1.724    0.683    5.244      2.400      1.910      4.650      2.510
    1.724    0.683    5.244    5.058    0.681    1.730      2.400      5.540      3.600      5.890
    4.971    0.440    1.961    4.870    0.575    1.979      2.400      9.180      4.650      8.400
    4.870    0.575    1.979    3.783    0.573    2.988      2.400      9.180      2.550     10.310
    1.971    0.513    3.550    3.837    0.428    2.869      2.400     30.480      3.450     27.970
    3.837    0.428    2.869    4.727    0.756    1.388      2.400     30.480      4.050     30.570
    4.621    0.777    2.239    0.813    0.305    6.114      2.550      1.470      3.450      0.090
    4.971    0.440    1.961    5.058    0.681    1.730      2.550      7.710      3.600      7.100
    1.290    0.753    4.728    4.870    0.575    1.979      2.550     10.310      3.600     10.220
    2.318    1.006    3.986    0.884    0.904    5.846      2.550     16.020      2.550     18.790
    0.884    0.904    5.846    4.959    0.611    1.007      2.550     16.020      3.450     15.680
    0.884    0.904    5.846    4.901    0.399    0.932      2.550     18.790      2.850     18.790
    0.671    0.543    5.184    4.310    0.727    2.574      2.700     13.340      2.850     11.860
    4.310    0.727    2.574    4.959    0.611    1.007      2.700     13.340      4.050     13.940
    4.901    0.399    0.932    4.452    0.410    2.532      2.700     19.570      2.850     18.790
    4.452    0.410    2.532    3.029    0.535    3.586      2.700     19.570      3.300     20.610
    1.054    0.546    5.960    5.139    0.913    0.721      2.700     39.320      4.050     38.540
    4.310    0.727    2.574    1.290    0.753    4.728      2.850     11.860      3.600     11.780
    0.884    0.904    5.846    4.452    0.410    2.532      2.850     18.790      4.950     17.580
    3.977    0.899    2.342    4.817    0.370    1.798      2.850     43.040      3.150     42.700
    0.910    0.945    5.812    3.977    0.899    2.342      3.150     40.620      3.300     40.700
    4.452    0.410    2.532    0.024    0.510    0.769      3.300     20.610      4.650     20.870
    0.024    0.510    0.769    2.651    0.482    4.296      3.300     25.290      3.600     25.290
    0.910    0.945    5.812    5.139    0.913    0.721      3.300     40.180      4.200     39.320
    4.959    0.611    1.007    5.609    0.579    1.449      3.450     15.680      4.050     14.640
    5.609    0.579    1.449    0.884    0.904    5.846      3.450     15.680      5.550     16.020
    3.837    0.428    2.869    2.651    0.482    4.296      3.450     27.970      4.350     27.630
    3.977    0.899    2.342    3.166    0.363    3.386      3.450     41.480      3.450     42.000
    5.058    0.681    1.730    0.887    0.827    4.979      3.600      5.890      3.600      7.100
    0.887    0.827    4.979    1.724    0.683    5.244      3.600      5.890      4.800      5.020
    0.887    0.827    4.979    4.971    0.440    1.961      3.600      7.100      4.050      7.190
    4.870    0.575    1.979    5.792    0.546    0.852      3.600     10.220      4.200     10.050
    1.290    0.753    4.728    5.792    0.546    0.852      3.600     10.220      3.750     10.310
    1.290    0.753    4.728    4.622    0.363    2.244      3.600     11.780      4.200     11.090
    4.622    0.363    2.244    4.310    0.727    2.574      3.600     11.780      4.650     12.380
    0.024    0.510    0.769    5.996    0.560    0.363      3.600     25.290      6.300     22.520
    5.996    0.560    0.363    2.651    0.482    4.296      3.600     25.290      4.350     27.630
    3.977    0.899    2.342    5.797    0.931    0.936      3.600     41.220      3.600     41.400
    1.733    0.342    4.209    3.166    0.363    3.386      3.600     41.740      3.600     41.920
    5.797    0.931    0.936    0.910    0.945    5.812      3.750     41.140      4.200     41.400
    1.733    0.342    4.209    5.797    0.931    0.936      3.750     41.480      4.050     41.480
    4.971    0.440    1.961    2.069    0.404    3.873      4.050      7.190      4.800      7.970
    2.069    0.404    3.873    0.887    0.827    4.979      4.050      7.190      4.950      6.670
    4.974    0.599    1.115    4.959    0.611    1.007      4.050     13.940      4.050     14.640
    4.974    0.599    1.115    4.310    0.727    2.574      4.050     13.940      4.800     13.340
    4.974    0.599    1.115    5.609    0.579    1.449      4.050     14.640      5.250     15.160
    4.727    0.756    1.388    2.850    0.796    3.403      4.050     30.570      4.200     30.830
    2.850    0.796    3.403    3.837    0.428    2.869      4.050     30.570      5.250     29.190
    1.054    0.546    5.960    1.949    0.823    3.705      4.050     38.540      4.950     38.020
    1.949    0.823    3.705    5.139    0.913    0.721      4.050     38.540      4.200     39.320
    0.311    0.707    5.531    5.792    0.546    0.852      4.200     10.050      4.200     10.220
    0.311    0.707    5.531    4.870    0.575    1.979      4.200     10.050      5.250      9.440
    1.290    0.753    4.728    0.311    0.707    5.531      4.200     10.570      4.200     10.740
    4.727    0.756    1.388    2.626    0.402    3.343      4.200     30.830      4.350     32.820
    2.626    0.402    3.343    2.850    0.796    3.403      4.200     30.830      5.400     30.830
    4.727    0.756    1.388    2.962    0.759    2.975      4.200     33.600      4.350     32.820
    2.962    0.759    2.975    1.054    0.546    5.960      4.200     33.600      6.300     34.990
    1.949    0.823    3.705    0.910    0.945    5.812      4.200     39.320      5.400     39.660
    1.733    0.342    4.209    0.910    0.945    5.812      4.200     41.740      4.200     41.920
    0.311    0.707    5.531    4.622    0.363    2.244      4.350     11.000      5.250     11.860
    5.996    0.560    0.363    3.837    0.428    2.869      4.350     27.630      5.250     29.190
    2.626    0.402    3.343    2.962    0.759    2.975      4.350     32.820      5.400     30.830
    1.724    0.683    5.244    3.228    0.182    3.385      4.650      2.510      4.800      5.020
    3.228    0.182    3.385    4.621    0.777    2.239      4.650      2.510      5.700      0.690
    4.971    0.440    1.961    4.034    0.884    2.049      4.650      8.400      4.800      7.970
    4.034    0.884    2.049    4.870    0.575    1.979      4.650      8.400      5.250      9.440
    4.310    0.727    2.574    4.938    0.491    2.097      4.650     12.380      4.800     13.340
    4.938    0.491    2.097    4.622    0.363    2.244      4.650     12.380      5.250     11.860
    4.452    0.410    2.532    3.661    0.837    2.029      4.650     20.870      5.550     18.790
    3.661    0.837    2.029    0.024    0.510    0.769      4.650     20.870      6.300     22.520
    3.228    0.182    3.385    0.887    0.827    4.979      4.800      5.020      5.400      6.410
    4.034    0.884    2.049    2.069    0.404    3.873      4.800      7.970      4.950      7.880
    4.938    0.491    2.097    4.974    0.599    1.115      4.800     13.340      5.700     14.200
    0.910    0.945    5.812    4.002    0.276    1.677      4.800     41.920      4.950     41.480
    5.330    0.781    0.677    2.069    0.404    3.873      4.950      6.670      4.950      7.880
    5.330    0.781    0.677    0.887    0.827    4.979      4.950      6.670      5.400      6.410
    5.330    0.781    0.677    4.034    0.884    2.049      4.950      7.880      5.700      7.970
    4.452    0.410    2.532    1.621    0.056    4.615      4.950     17.580      5.550     18.790
    1.621    0.056    4.615    0.884    0.904    5.846      4.950     17.580      5.550     16.710
    1.054    0.546    5.960    0.565    0.801    6.080      4.950     38.020      5.100     37.590
    0.565    0.801    6.080    1.949    0.823    3.705      4.950     38.020      5.100     38.110
    1.422    0.615    5.544    1.054    0.546    5.960      5.100     37.590      4.650     36.810
    1.422    0.615    5.544    1.054    0.546    5.960      4.650     36.810      6.300     34.990
    0.565    0.801    6.080    1.422    0.615    5.544      5.100     37.590      5.250     38.020
    0.311    0.707    5.531    4.034    0.884    2.049      5.250      9.440      5.400      9.530
    4.938    0.491    2.097    0.311    0.707    5.531      5.250     11.860      5.550     11.860
    4.974    0.599    1.115    0.507    0.597    6.206      5.250     15.160      5.700     14.720
    0.507    0.597    6.206    5.609    0.579    1.449      5.250     15.160      5.700     15.760
    5.996    0.560    0.363    2.850    0.796    3.403      5.250     29.190      6.300     29.790
    5.330    0.781    0.677    3.228    0.182    3.385      5.400      6.410      6.300      7.450
    5.330    0.781    0.677    3.228    0.182    3.385      6.300      7.450      5.700      7.970
    2.962    0.759    2.975    2.850    0.796    3.403      5.400     30.830      6.300     29.790
    0.910    0.945    5.812    0.970    0.742    5.891      5.400     39.660      5.400     40.180
    0.970    0.742    5.891    1.949    0.823    3.705      5.400     39.660      5.550     39.580
    4.938    0.491    2.097    0.291    0.495    5.261      5.550     11.860      7.650     12.380
    0.291    0.495    5.261    0.311    0.707    5.531      5.550     11.860      6.600     10.220
    0.884    0.904    5.846    6.019    0.298    0.495      5.550     16.020      5.550     16.710
    6.019    0.298    0.495    5.609    0.579    1.449      5.550     16.020      5.700     15.760
    6.019    0.298    0.495    1.621    0.056    4.615      5.550     16.710      7.050     16.190
    1.621    0.056    4.615    3.661    0.837    2.029      5.550     18.790      8.100     18.530
    1.949    0.823    3.705    1.422    0.615    5.544      5.550     38.360      5.850     39.060
    5.501    0.365    0.972    4.621    0.777    2.239      5.700      0.690      4.350      0.090
    3.228    0.182    3.385    5.501    0.365    0.972      5.700      0.690      6.600      0.350
    4.034    0.884    2.049    3.228    0.182    3.385      5.700      7.970      6.600      8.490
    4.034    0.884    2.049    3.228    0.182    3.385      6.600      8.490      6.450      9.960
    4.034    0.884    2.049    0.311    0.707    5.531      5.700      9.700      6.450      9.960
    4.974    0.599    1.115    0.507    0.597    6.206      5.700     14.200      5.700     14.380
    0.507    0.597    6.206    4.938    0.491    2.097      5.700     14.200      7.050     13.940
    6.019    0.298    0.495    0.507    0.597    6.206      5.700     15.760      7.050     16.020
    1.949    0.823    3.705    2.717    0.763    4.206      5.700     39.320      5.850     39.060
    0.970    0.742    5.891    4.516    0.550    1.980      5.700     39.660      5.700     39.840
    5.265    0.382    1.775    4.059    0.658    2.280      5.700     41.740      5.700     41.920
    1.422    0.615    5.544    2.717    0.763    4.206      5.850     39.060      6.150     39.400
    4.516    0.550    1.980    2.440    0.888    4.202      5.850     40.100      6.150     40.100
    1.422    0.615    5.544    4.516    0.550    1.980      6.150     39.580      6.300     39.660
    4.059    0.658    2.280    2.440    0.888    4.202      6.150     40.440      6.300     40.180
    4.059    0.658    2.280    2.149    0.647    4.169      6.150     42.180      6.300     42.260
    3.053    0.578    3.227    2.149    0.647    4.169      6.150     42.520      6.300     42.260
    5.996    0.560    0.363    3.661    0.837    2.029      6.300     22.520      9.750     21.910
    2.962    0.759    2.975    5.996    0.560    0.363      6.300     29.790      9.300     29.790
    1.422    0.615    5.544    2.962    0.759    2.975      6.300     34.990      9.300     34.640
    3.053    0.578    3.227    4.059    0.658    2.280      6.300     42.260      8.250     42.180
    3.228    0.182    3.385    0.311    0.707    5.531      6.450      9.960      6.600     10.220
    5.501    0.365    0.972    1.691    0.684    4.180      6.600      0.350      6.750      0.090
    1.691    0.684    4.180    3.228    0.182    3.385      6.600      0.350      8.550      1.470
    3.228    0.182    3.385    0.291    0.495    5.261      6.600     10.220      8.100     12.120
    4.059    0.658    2.280    1.422    0.615    5.544      6.600     39.660      8.700     40.360
    0.507    0.597    6.206    6.038    0.791    0.257      7.050     13.940      7.350     15.160
    6.038    0.791    0.257    4.938    0.491    2.097      7.050     13.940      7.650     12.380
    6.019    0.298    0.495    3.687    0.431    3.252      7.050     16.020      7.050     16.190
    3.687    0.431    3.252    0.507    0.597    6.206      7.050     16.020      7.350     15.160
    1.621    0.056    4.615    3.687    0.431    3.252      7.050     16.190      7.350     16.710
    6.038    0.791    0.257    3.687    0.431    3.252      7.350     15.160      8.100     15.930
    3.687    0.431    3.252    6.080    0.145    0.390      7.350     16.710      8.100     15.930
    6.080    0.145    0.390    1.621    0.056    4.615      7.350     16.710      8.100     18.530
    6.038    0.791    0.257    0.291    0.495    5.261      7.650     12.380      8.100     12.120
    6.038    0.791    0.257    3.228    0.182    3.385      8.100     12.120      9.300     11.600
    6.038    0.791    0.257    6.080    0.145    0.390      8.100     15.930      9.150     17.580
    6.080    0.145    0.390    3.661    0.837    2.029      8.100     18.530      9.000     18.010
    3.228    0.182    3.385    5.642    0.656    0.152      8.550      1.470      7.950      3.200
    3.228    0.182    3.385    5.642    0.656    0.152      7.950      3.200      8.700      4.500
    5.642    0.656    0.152    1.691    0.684    4.180      8.550      1.470      9.000      1.390
    2.869    0.491    3.992    4.059    0.658    2.280      8.550     42.000      8.700     41.400
    5.642    0.656    0.152    2.800    0.607    3.656      8.700      4.500      9.750      4.590
    2.800    0.607    3.656    3.228    0.182    3.385      8.700      4.500      8.850      7.360
    2.800    0.607    3.656    3.228    0.182    3.385      8.850      7.360      9.750      7.710
    4.059    0.658    2.280    1.422    0.615    5.544      8.850     40.620      9.000     40.700
    1.074    0.569    5.282    4.059    0.658    2.280      8.850     40.960      9.000     40.700
    1.691    0.684    4.180    1.445    0.387    4.571      9.000      1.390      8.550      0.090
    5.642    0.656    0.152    1.445    0.387    4.571      9.000      1.390      9.750      1.990
    6.080    0.145    0.390    3.715    0.863    2.433      9.000     18.010      9.150     17.580
    3.715    0.863    2.433    3.661    0.837    2.029      9.000     18.010     10.200     20.960
    1.074    0.569    5.282    1.422    0.615    5.544      9.000     40.700      9.900     40.360
    2.869    0.491    3.992    1.074    0.569    5.282      9.000     41.740      9.000     41.920
    3.715    0.863    2.433    6.038    0.791    0.257      9.150     17.580     11.400     17.490
    6.038    0.791    0.257    1.130    0.631    4.673      9.300     11.600     11.400     13.160
    1.130    0.631    4.673    3.228    0.182    3.385      9.300     11.600     10.500      9.700
    3.351    0.678    2.965    2.962    0.759    2.975      9.300     29.790      9.300     34.640
    3.351    0.678    2.965    5.996    0.560    0.363      9.300     29.790     10.350     29.190
    3.351    0.678    2.965    1.422    0.615    5.544      9.300     34.640     10.950     36.980
    2.916    0.482    3.966    2.111    0.787    4.548      9.300     42.440      9.450     42.520
    2.916    0.482    3.966    6.256    0.543    0.697      9.300     42.780      9.450     42.700
    1.074    0.569    5.282    2.111    0.787    4.548      9.450     42.180      9.750     42.520
    2.800    0.607    3.656    2.565    0.504    3.190      9.750      4.590     10.350      5.630
    2.565    0.504    3.190    5.642    0.656    0.152      9.750      4.590     10.500      3.460
    3.228    0.182    3.385    6.210    0.653    0.590      9.750      7.710     10.500      9.700
    6.210    0.653    0.590    2.800    0.607    3.656      9.750      7.710     10.500      7.100
    3.661    0.837    2.029    6.082    0.604    5.983      9.750     21.910     10.200     20.960
    6.082    0.604    5.983    5.996    0.560    0.363      9.750     21.910     10.200     22.000
    1.074    0.569    5.282    6.256    0.543    0.697      9.750     42.700      9.900     42.780
    1.422    0.615    5.544    2.430    0.603    3.935      9.900     40.360     10.800     38.280
    2.430    0.603    3.935    1.074    0.569    5.282      9.900     40.360     12.000     42.440
    6.082    0.604    5.983    3.715    0.863    2.433     10.200     20.960     10.500     20.960
    5.996    0.560    0.363    1.383    0.811    5.548     10.200     22.000     10.950     23.820
    1.383    0.811    5.548    6.082    0.604    5.983     10.200     22.000     10.500     20.960
    5.184    0.171    1.327    1.445    0.387    4.571     10.350      1.470     10.650      0.610
    2.800    0.607    3.656    4.561    1.386    1.547     10.350      5.630     10.500      7.100
    4.561    1.386    1.547    2.565    0.504    3.190     10.350      5.630     10.950      5.280
    5.996    0.560    0.363    3.342    0.417    3.604     10.350     29.190     11.400     25.110
    3.342    0.417    3.604    3.351    0.678    2.965     10.350     29.190     15.000     32.910
    5.642    0.656    0.152    1.936    0.605    4.128     10.500      2.770     10.500      3.460
    1.936    0.605    4.128    2.565    0.504    3.190     10.500      3.460     10.950      5.280
    4.561    1.386    1.547    6.210    0.653    0.590     10.500      7.100     11.850      6.670
    6.210    0.653    0.590    1.130    0.631    4.673     10.500      9.700     11.400      9.700
    1.383    0.811    5.548    3.715    0.863    2.433     10.500     20.960     11.700     19.400
    1.445    0.387    4.571    5.615    0.543    0.075     10.650      0.610     10.350      0.090
    5.615    0.543    0.075    5.184    0.171    1.327     10.650      0.610     12.450      0.090
    1.936    0.605    4.128    5.184    0.171    1.327     10.650      2.510     13.800      1.910
    1.422    0.615    5.544    2.043    0.689    3.964     10.800     38.280     10.950     36.980
    2.043    0.689    3.964    2.430    0.603    3.935     10.800     38.280     11.850     38.020
    1.936    0.605    4.128    4.561    1.386    1.547     10.950      5.280     11.550      5.280
    5.996    0.560    0.363    5.741    0.457    0.642     10.950     23.820     11.400     25.110
    5.741    0.457    0.642    1.383    0.811    5.548     10.950     23.820     12.000     24.080
    3.351    0.678    2.965    2.043    0.689    3.964     10.950     36.980     11.550     36.810
    6.210    0.653    0.590    2.145    0.172    4.822     11.400      9.700     12.000      7.100
    2.145    0.172    4.822    1.130    0.631    4.673     11.400      9.700     12.750     10.310
    6.038    0.791    0.257    3.144    0.684    2.702     11.400     13.160     12.000     15.420
    6.038    0.791    0.257    3.144    0.684    2.702     12.000     15.420     13.200     15.930
    3.144    0.684    2.702    1.130    0.631    4.673     11.400     13.160     12.600     12.300
    6.038    0.791    0.257    2.762    0.260    3.213     11.400     17.490     12.750     17.230
    2.762    0.260    3.213    3.715    0.863    2.433     11.400     17.490     11.700     19.400
    3.342    0.417    3.604    5.741    0.457    0.642     11.400     25.110     12.000     24.080
    6.090    1.219    0.028    1.936    0.605    4.128     11.550      5.280     12.600      5.370
    6.090    1.219    0.028    4.561    1.386    1.547     11.550      5.280     12.000      6.580
    2.043    0.689    3.964    0.646    0.700    4.955     11.550     36.810     11.850     38.020
    0.646    0.700    4.955    3.351    0.678    2.965     11.550     36.810     12.000     36.200
    0.646    0.700    4.955    3.351    0.678    2.965     12.000     36.200     14.550     36.980
    3.728    0.856    2.097    1.074    0.569    5.282     11.550     43.040     12.000     42.440
    1.383    0.811    5.548    2.762    0.260    3.213     11.700     19.400     13.350     18.790
    6.210    0.653    0.590    6.194    0.345    0.079     11.850      6.670     12.000      7.100
    6.194    0.345    0.079    4.561    1.386    1.547     11.850      6.670     12.000      6.580
    0.646    0.700    4.955    2.430    0.603    3.935     11.850     38.020     13.800     39.140
    6.090    1.219    0.028    6.194    0.345    0.079     12.000      6.580     12.750      6.320
    6.194    0.345    0.079    2.145    0.172    4.822     12.000      7.100     13.800      7.620
    3.342    0.417    3.604    1.383    0.811    5.548     12.000     24.080     14.100     23.560
    2.430    0.603    3.935    3.728    0.856    2.097     12.000     42.440     13.350     42.520
    6.090    1.219    0.028    0.781    0.872    5.997     12.600      5.370     12.750      6.320
    0.781    0.872    5.997    1.936    0.605    4.128     12.600      5.370     13.500      5.370
    1.130    0.631    4.673    3.935    0.727    2.320     12.600     12.300     12.750     10.310
    3.935    0.727    2.320    3.144    0.684    2.702     12.600     12.300     12.750     12.380
    0.781    0.872    5.997    6.194    0.345    0.079     12.750      6.320     13.650      6.150
    3.935    0.727    2.320    2.145    0.172    4.822     12.750     10.310     13.350      9.960
    3.144    0.684    2.702    4.123    0.134    2.441     12.750     12.380     13.650     15.680
    4.123    0.134    2.441    3.935    0.727    2.320     12.750     12.380     16.050     11.000
    6.038    0.791    0.257    5.260    0.380    0.432     12.750     17.230     13.200     15.930
    5.260    0.380    0.432    2.762    0.260    3.213     12.750     17.230     13.500     17.320
    3.144    0.684    2.702    5.260    0.380    0.432     13.200     15.930     13.650     15.680
    2.145    0.172    4.822    5.810    0.532    0.676     13.350      9.960     13.950      8.400
    5.810    0.532    0.676    3.935    0.727    2.320     13.350      9.960     15.300      9.700
    2.762    0.260    3.213    2.878    0.579    2.869     13.350     18.790     13.500     17.320
    2.878    0.579    2.869    1.383    0.811    5.548     13.350     18.790     15.150     19.660
    0.781    0.872    5.997    5.328    0.887    1.094     13.500      5.370     13.650      6.150
    5.328    0.887    1.094    1.936    0.605    4.128     13.500      5.370     14.250      4.590
    2.878    0.579    2.869    5.260    0.380    0.432     13.500     17.320     14.250     16.710
    6.194    0.345    0.079    5.328    0.887    1.094     13.650      6.150     13.800      6.410
    4.123    0.134    2.441    5.260    0.380    0.432     13.650     15.680     14.250     16.710
    5.184    0.171    1.327    5.769    0.435    0.806     13.800      1.910     13.650      0.090
    5.769    0.435    0.806    1.936    0.605    4.128     13.800      1.910     14.700      3.460
    6.194    0.345    0.079    6.179    0.349    0.217     13.800      6.410     13.800      7.620
    6.179    0.349    0.217    5.328    0.887    1.094     13.800      6.410     14.850      6.150
    6.179    0.349    0.217    2.145    0.172    4.822     13.800      7.620     13.950      7.710
    2.430    0.603    3.935    4.641    0.617    1.927     13.800     39.140     13.950     42.000
    4.641    0.617    1.927    0.646    0.700    4.955     13.800     39.140     15.300     38.280
    2.145    0.172    4.822    6.122    0.643    5.989     13.950      7.710     13.950      8.400
    6.122    0.643    5.989    6.179    0.349    0.217     13.950      7.710     14.850      7.360
    6.122    0.643    5.989    5.810    0.532    0.676     13.950      8.400     15.300      9.010
    3.342    0.417    3.604    5.047    0.606    1.210     14.100     23.560     15.450     24.850
    5.047    0.606    1.210    1.383    0.811    5.548     14.100     23.560     15.150     19.660
    4.885    0.472    2.132    1.936    0.605    4.128     14.250      4.590     14.700      3.460
    5.328    0.887    1.094    4.885    0.472    2.132     14.250      4.590     15.150      4.590
    4.123    0.134    2.441    2.878    0.579    2.869     14.250     16.710     16.500     16.450
    4.641    0.617    1.927    1.283    0.745    5.491     14.250     42.180     14.700     42.440
    3.351    0.678    2.965    3.221    0.550    3.087     14.550     36.980     15.000     32.910
    3.221    0.550    3.087    0.646    0.700    4.955     14.550     36.980     15.300     38.280
    5.769    0.435    0.806    4.885    0.472    2.132     14.700      3.460     15.450      3.550
    5.786    0.292    0.320    6.179    0.349    0.217     14.850      6.150     14.850      7.360
    5.786    0.292    0.320    5.328    0.887    1.094     14.850      6.150     15.150      4.590
    5.786    0.292    0.320    6.122    0.643    5.989     14.850      7.360     15.450      7.880
    3.221    0.550    3.087    3.342    0.417    3.604     15.000     32.910     16.500     31.870
    5.786    0.292    0.320    4.885    0.472    2.132     15.150      4.590     15.300      4.500
    5.047    0.606    1.210    2.878    0.579    2.869     15.150     19.660     18.000     17.840
    4.885    0.472    2.132    5.736    1.148    0.289     15.300      4.500     15.450      3.550
    5.736    1.148    0.289    5.786    0.292    0.320     15.300      4.500     18.750      5.630
    5.810    0.532    0.676    1.634    0.201    4.675     15.300      9.010     15.300      9.700
    1.634    0.201    4.675    6.122    0.643    5.989     15.300      9.010     15.450      7.880
    1.634    0.201    4.675    3.935    0.727    2.320     15.300      9.700     15.900     10.050
    3.221    0.550    3.087    4.641    0.617    1.927     15.300     38.280     18.900     39.660
    5.736    1.148    0.289    5.769    0.435    0.806     15.450      3.550     17.400      1.910
    5.736    1.148    0.289    5.769    0.435    0.806     17.400      1.910     19.650      1.650
    5.786    0.292    0.320    1.634    0.201    4.675     15.450      7.880     18.150      8.230
    3.342    0.417    3.604    4.832    0.409    0.807     15.450     24.850     14.550     27.630
    3.342    0.417    3.604    4.832    0.409    0.807     14.550     27.630     16.500     31.870
    4.832    0.409    0.807    5.047    0.606    1.210     15.450     24.850     22.050     21.910
    3.935    0.727    2.320    5.033    0.561    0.554     15.900     10.050     16.050     11.000
    5.033    0.561    0.554    1.634    0.201    4.675     15.900     10.050     17.400     10.050
    5.033    0.561    0.554    4.123    0.134    2.441     16.050     11.000     16.500     11.090
    4.641    0.617    1.927    4.821    0.587    0.576     16.050     42.700     16.350     42.700
    4.123    0.134    2.441    1.238    0.199    4.832     16.500     11.090     17.700     13.340
    1.238    0.199    4.832    5.033    0.561    0.554     16.500     11.090     17.550     10.480
    4.123    0.134    2.441    0.684    0.543    5.331     16.500     16.450     17.100     15.420
    0.684    0.543    5.331    2.878    0.579    2.869     16.500     16.450     18.000     17.840
    3.221    0.550    3.087    4.832    0.409    0.807     16.500     31.870     21.450     35.250
    3.221    0.550    3.087    4.832    0.409    0.807     21.450     35.250     22.500     39.140
    4.821    0.587    0.576    1.509    0.392    5.290     16.500     42.780     16.500     42.950
    4.123    0.134    2.441    2.732    0.118    4.065     17.100     15.420     17.700     13.340
    2.732    0.118    4.065    0.684    0.543    5.331     17.100     15.420     18.000     16.280
    2.732    0.118    4.065    0.684    0.543    5.331     18.000     16.280     21.000     15.760
    5.033    0.561    0.554    2.734    0.410    3.814     17.400     10.050     17.550     10.480
    2.734    0.410    3.814    1.634    0.201    4.675     17.400     10.050     18.150      8.230
    2.734    0.410    3.814    1.238    0.199    4.832     17.550     10.480     19.950     11.340
    1.238    0.199    4.832    2.732    0.118    4.065     17.700     13.340     19.950     12.900
    1.238    0.199    4.832    2.732    0.118    4.065     19.950     12.900     20.100     12.120
    5.047    0.606    1.210    0.684    0.543    5.331     18.000     17.840     18.900     17.840
    2.734    0.410    3.814    5.786    0.292    0.320     18.150      8.230     18.600      8.140
    5.786    0.292    0.320    0.115    0.081    5.665     18.600      8.140     19.350      6.670
    0.115    0.081    5.665    2.734    0.410    3.814     18.600      8.140     20.700     10.050
    5.786    0.292    0.320    2.125    0.635    3.919     18.750      5.630     19.350      6.670
    2.125    0.635    3.919    5.736    1.148    0.289     18.750      5.630     20.850      4.240
    5.047    0.606    1.210    1.105    0.462    5.925     18.900     17.840     22.050     21.910
    1.105    0.462    5.925    0.684    0.543    5.331     18.900     17.840     21.000     15.760
    4.641    0.617    1.927    4.145    0.743    2.051     18.900     39.660     19.200     42.440
    4.145    0.743    2.051    3.221    0.550    3.087     18.900     39.660     21.750     40.440
    0.115    0.081    5.665    2.125    0.635    3.919     19.350      6.670     21.450      6.320
    5.769    0.435    0.806    1.936    0.687    4.478     19.650      1.650     19.650      0.090
    1.936    0.687    4.478    5.736    1.148    0.289     19.650      1.650     21.000      1.730
    1.238    0.199    4.832    5.401    0.509    0.131     19.950     11.340     20.100     12.120
    5.401    0.509    0.131    2.734    0.410    3.814     19.950     11.340     20.400     11.090
    2.732    0.118    4.065    5.401    0.509    0.131     20.100     12.120     20.700     12.120
    1.158    0.466    5.641    2.734    0.410    3.814     20.400     11.090     20.700     10.050
    5.401    0.509    0.131    1.158    0.466    5.641     20.400     11.090     21.000     11.090
    1.158    0.466    5.641    0.115    0.081    5.665     20.700     10.050     21.000      9.700
    2.732    0.118    4.065    3.839    1.041    2.295     20.700     12.120     21.450     15.680
    3.839    1.041    2.295    5.401    0.509    0.131     20.700     12.120     21.000     11.090
    5.736    1.148    0.289    1.396    0.774    5.432     20.850      4.240     21.000      1.730
    1.396    0.774    5.432    2.125    0.635    3.919     20.850      4.240     21.900      5.370
    1.396    0.774    5.432    1.936    0.687    4.478     21.000      1.730     21.150      1.470
    0.115    0.081    5.665    5.042    0.457    1.402     21.000      9.700     22.500      8.140
    5.042    0.457    1.402    1.158    0.466    5.641     21.000      9.700     21.450     11.000
    1.158    0.466    5.641    3.839    1.041    2.295     21.000     11.090     21.450     11.000
    1.105    0.462    5.925    2.732    0.118    4.065     21.000     15.760     21.450     15.680
    4.145    0.743    2.051    5.996    0.267    5.904     21.000     42.440     21.150     42.180
    1.936    0.687    4.478    5.103    0.514    1.524     21.150      1.130     20.250      0.090
    5.103    0.514    1.524    6.245    1.425    6.237     21.150      1.130     22.650      0.090
    6.245    1.425    6.237    1.936    0.687    4.478     21.150      1.130     21.150      1.470
    1.396    0.774    5.432    6.245    1.425    6.237     21.150      1.470     24.000      1.910
    2.125    0.635    3.919    0.216    0.414    6.163     21.450      6.320     21.900      5.370
    0.216    0.414    6.163    0.115    0.081    5.665     21.450      6.320     22.500      7.450
    5.042    0.457    1.402    3.839    1.041    2.295     21.450     11.000     22.200     11.090
    3.839    1.041    2.295    1.105    0.462    5.925     21.450     15.680     22.500     15.760
    4.145    0.743    2.051    2.214    0.197    5.446     21.600     41.920     21.750     40.440
    3.221    0.550    3.087    2.214    0.197    5.446     21.750     40.440     22.350     40.100
    0.216    0.414    6.163    1.396    0.774    5.432     21.900      5.370     22.350      5.280
    1.105    0.462    5.925    4.832    0.409    0.807     22.050     21.910     24.450     21.910
    3.839    1.041    2.295    5.847    0.732    0.717     22.200     11.090     22.650     11.860
    3.839    1.041    2.295    5.847    0.732    0.717     22.650     11.860     24.600     11.780
    5.847    0.732    0.717    5.042    0.457    1.402     22.200     11.090     23.250     10.480
    1.396    0.774    5.432    1.457    0.789    5.564     22.350      5.280     24.450      3.200
    1.457    0.789    5.564    0.216    0.414    6.163     22.350      5.280     23.400      6.060
    3.221    0.550    3.087    4.440    0.502    2.544     22.350     40.100     22.500     39.140
    4.440    0.502    2.544    2.214    0.197    5.446     22.350     40.100     24.000     41.220
    0.115    0.081    5.665    4.380    0.571    2.264     22.500      7.450     22.500      8.140
    4.380    0.571    2.264    0.216    0.414    6.163     22.500      7.450     23.400      6.060
    4.380    0.571    2.264    5.042    0.457    1.402     22.500      8.140     23.700      8.490
    1.105    0.462    5.925    0.035    0.505    6.093     22.500     15.760     26.100     17.840
    0.035    0.505    6.093    3.839    1.041    2.295     22.500     15.760     25.200     13.340
    4.440    0.502    2.544    4.832    0.409    0.807     22.500     39.140     27.150     37.500
    5.042    0.457    1.402    0.933    0.433    4.757     23.250     10.480     23.700      9.180
    0.933    0.433    4.757    5.847    0.732    0.717     23.250     10.480     24.600     11.090
    1.457    0.789    5.564    4.380    0.571    2.264     23.400      6.060     25.200      5.890
    2.214    0.197    5.446    5.753    0.514    0.580     23.400     42.440     24.000     41.220
    5.042    0.457    1.402    1.090    0.638    5.862     23.700      8.490     23.700      9.180
    1.090    0.638    5.862    4.380    0.571    2.264     23.700      8.490     25.200      7.620
    1.090    0.638    5.862    0.933    0.433    4.757     23.700      9.180     24.600     11.090
    6.245    1.425    6.237    3.700    0.369    2.455     24.000      1.910     24.150      0.610
    3.700    0.369    2.455    1.396    0.774    5.432     24.000      1.910     24.750      2.510
    5.753    0.514    0.580    4.440    0.502    2.544     24.000     41.220     25.200     40.880
    5.753    0.514    0.580    4.440    0.502    2.544     25.200     40.880     25.950     42.000
    6.245    1.425    6.237    1.726    0.619    4.191     24.150      0.610     23.850      0.090
    1.726    0.619    4.191    3.700    0.369    2.455     24.150      0.610     25.050      0.610
    1.396    0.774    5.432    0.595    0.569    5.459     24.450      3.200     24.750      2.510
    0.595    0.569    5.459    1.457    0.789    5.564     24.450      3.200     25.350      5.800
    1.105    0.462    5.925    1.579    0.628    4.095     24.450     21.910     25.050     21.390
    1.579    0.628    4.095    4.832    0.409    0.807     24.450     21.910     25.350     22.430
    5.847    0.732    0.717    1.090    0.638    5.862     24.600     11.090     24.750     11.340
    5.847    0.732    0.717    5.171    0.561    1.878     24.600     11.780     24.750     11.340
    5.171    0.561    1.878    3.839    1.041    2.295     24.600     11.780     25.200     13.340
    0.595    0.569    5.459    3.700    0.369    2.455     24.750      2.510     25.350      2.510
    5.171    0.561    1.878    1.090    0.638    5.862     24.750     11.340     26.850     11.340
    0.871    0.625    5.791    1.726    0.619    4.191     25.050      0.610     25.050      0.090
    0.871    0.625    5.791    3.700    0.369    2.455     25.050      0.610     25.500      0.690
    1.105    0.462    5.925    1.183    0.698    5.442     25.050     21.390     26.100     19.570
    1.183    0.698    5.442    1.579    0.628    4.095     25.050     21.390     25.350     22.430
    4.380    0.571    2.264    4.063    0.717    2.542     25.200      5.890     25.200      7.620
    4.063    0.717    2.542    1.457    0.789    5.564     25.200      5.890     25.350      5.800
    4.063    0.717    2.542    1.090    0.638    5.862     25.200      7.620     27.600      7.970
    5.171    0.561    1.878    0.035    0.505    6.093     25.200     13.340     27.000     13.860
    0.595    0.569    5.459    4.225    0.745    2.078     25.350      2.510     27.600      3.810
    4.225    0.745    2.078    3.700    0.369    2.455     25.350      2.510     25.500      0.690
    0.595    0.569    5.459    4.063    0.717    2.542     25.350      5.800     25.650      5.800
    1.183    0.698    5.442    4.832    0.409    0.807     25.350     22.430     29.550     23.470
    4.225    0.745    2.078    0.871    0.625    5.791     25.500      0.690     28.050      0.430
    0.595    0.569    5.459    6.266    0.722    5.969     25.650      5.800     27.600      5.020
    6.266    0.722    5.969    4.063    0.717    2.542     25.650      5.800     27.150      6.670
    1.105    0.462    5.925    0.730    0.857    5.275     26.100     17.840     26.100     18.010
    0.730    0.857    5.275    0.035    0.505    6.093     26.100     17.840     27.000     13.860
    0.730    0.857    5.275    4.823    0.516    1.305     26.100     18.010     28.200     18.880
    1.105    0.462    5.925    4.823    0.516    1.305     26.100     18.010     26.100     19.570
    4.823    0.516    1.305    1.183    0.698    5.442     26.100     19.570     27.450     19.830
    5.753    0.514    0.580    5.444    0.532    0.544     26.100     42.260     26.100     42.440
    3.056    0.287    3.199    4.440    0.502    2.544     26.550     42.000     28.650     40.100
    3.056    0.287    3.199    5.444    0.532    0.544     26.550     42.180     26.700     42.260
    5.171    0.561    1.878    1.412    0.523    5.248     26.850     11.340     27.600     12.300
    1.412    0.523    5.248    1.090    0.638    5.862     26.850     11.340     28.350     11.520
    5.171    0.561    1.878    0.730    0.857    5.275     27.000     13.860     27.600     12.300
    4.063    0.717    2.542    0.560    0.453    5.004     27.150      6.670     27.750      7.880
    0.560    0.453    5.004    6.266    0.722    5.969     27.150      6.670     28.350      6.150
    4.832    0.409    0.807    3.398    0.706    3.526     27.150     37.500     31.050     34.900
    3.398    0.706    3.526    4.440    0.502    2.544     27.150     37.500     28.650     40.100
    4.823    0.516    1.305    2.682    0.303    3.121     27.450     19.830     28.200     18.880
    2.682    0.303    3.121    1.183    0.698    5.442     27.450     19.830     28.650     20.700
    2.682    0.303    3.121    1.183    0.698    5.442     28.650     20.700     32.400     20.090
    0.595    0.569    5.459    2.273    0.896    4.098     27.600      3.810     27.600      5.020
    2.273    0.896    4.098    4.225    0.745    2.078     27.600      3.810     28.800      3.460
    4.225    0.745    2.078    2.273    0.896    4.098     28.800      3.460     28.800      2.420
    2.273    0.896    4.098    6.266    0.722    5.969     27.600      5.020     28.500      5.370
    1.090    0.638    5.862    2.020    0.609    4.358     27.600      7.970     27.150      9.440
    1.090    0.638    5.862    2.020    0.609    4.358     27.150      9.440     28.650     10.310
    2.020    0.609    4.358    4.063    0.717    2.542     27.600      7.970     27.750      7.880
    1.412    0.523    5.248    0.730    0.857    5.275     27.600     12.300     28.350     12.040
    0.560    0.453    5.004    2.020    0.609    4.358     27.750      7.880     29.100      7.620
    4.225    0.745    2.078    0.444    0.640    0.013     28.050      0.430     28.800      2.420
    0.444    0.640    0.013    0.871    0.625    5.791     28.050      0.430     28.050      0.090
    2.682    0.303    3.121    0.730    0.857    5.275     28.200     18.880     30.450     17.750
    2.682    0.303    3.121    0.730    0.857    5.275     30.450     17.750     32.100     18.010
    0.560    0.453    5.004    1.058    0.460    5.739     28.350      6.150     29.100      6.930
    1.058    0.460    5.739    6.266    0.722    5.969     28.350      6.150     28.500      5.370
    1.090    0.638    5.862    4.244    0.578    2.216     28.350     11.520     28.650     10.310
    1.412    0.523    5.248    4.244    0.578    2.216     28.350     11.520     28.350     12.040
    4.244    0.578    2.216    0.730    0.857    5.275     28.350     12.040     31.800     13.680
    1.058    0.460    5.739    2.273    0.896    4.098     28.500      5.370     30.000      5.370
    4.244    0.578    2.216    2.020    0.609    4.358     28.650     10.310     30.450      9.440
    3.398    0.706    3.526    3.056    0.287    3.199     28.650     40.100     32.400     41.400
    0.444    0.640    0.013    2.273    0.896    4.098     28.800      2.420     32.250      3.550
    0.560    0.453    5.004    4.884    0.442    1.169     29.100      6.930     29.100      7.620
    4.884    0.442    1.169    1.058    0.460    5.739     29.100      6.930     30.300      6.060
    4.884    0.442    1.169    2.020    0.609    4.358     29.100      7.620     30.450      9.440
    3.056    0.287    3.199    3.161    0.253    3.743     29.250     42.700     29.550     42.700
    1.183    0.698    5.442    5.863    0.796    1.060     29.550     23.470     30.450     23.300
    1.183    0.698    5.442    5.863    0.796    1.060     30.450     23.300     30.450     23.990
    5.863    0.796    1.060    4.832    0.409    0.807     29.550     23.470     30.450     23.990
    1.058    0.460    5.739    3.053    0.531    3.110     30.000      5.370     30.300      6.060
    3.053    0.531    3.110    2.273    0.896    4.098     30.000      5.370     31.950      5.110
    3.053    0.531    3.110    4.884    0.442    1.169     30.300      6.060     31.500      6.060
    4.884    0.442    1.169    4.244    0.578    2.216     30.450      9.440     31.500      9.530
    1.183    0.698    5.442    4.832    0.409    0.807     30.450     23.990     31.650     25.370
    4.832    0.409    0.807    1.274    0.674    5.707     31.050     34.900     31.650     25.370
    1.274    0.674    5.707    3.398    0.706    3.526     31.050     34.900     32.850     36.290
    1.274    0.674    5.707    3.398    0.706    3.526     32.850     36.290     35.400     36.550
    3.053    0.531    3.110    0.626    0.656    4.915     31.500      6.060     31.950      5.630
    0.626    0.656    4.915    4.884    0.442    1.169     31.500      6.060     32.850      7.880
    4.244    0.578    2.216    1.221    0.750    5.445     31.500      9.530     32.700      9.700
    1.221    0.750    5.445    4.884    0.442    1.169     31.500      9.530     32.400      9.010
    1.274    0.674    5.707    1.183    0.698    5.442     31.650     25.370     34.800     23.560
    0.730    0.857    5.275    2.500    0.997    4.068     31.800     13.680     32.550     17.230
    2.500    0.997    4.068    4.244    0.578    2.216     31.800     13.680     33.150     12.380
    3.078    0.450    3.831    3.053    0.531    3.110     31.950      5.110     31.950      5.630
    3.078    0.450    3.831    2.273    0.896    4.098     31.950      5.110     32.250      3.550
    0.626    0.656    4.915    3.078    0.450    3.831     31.950      5.630     33.300      6.580
    0.730    0.857    5.275    6.230    0.741    6.167     32.100     18.010     32.550     17.230
    6.230    0.741    6.167    2.682    0.303    3.121     32.100     18.010     32.400     20.090
    3.078    0.450    3.831    0.444    0.640    0.013     32.250      3.550     32.700      3.460
    1.221    0.750    5.445    5.447    0.753    0.374     32.400      9.010     32.700      9.700
    5.447    0.753    0.374    4.884    0.442    1.169     32.400      9.010     32.850      7.880
    6.230    0.741    6.167    1.183    0.698    5.442     32.400     20.090     32.700     20.090
    3.056    0.287    3.199    3.398    0.706    3.526     32.400     41.740     32.400     41.920
    2.500    0.997    4.068    6.230    0.741    6.167     32.550     17.230     33.900     17.840
    0.444    0.640    0.013    3.498    0.809    3.012     32.700      3.460     33.750      2.510
    3.498    0.809    3.012    3.078    0.450    3.831     32.700      3.460     33.900      3.290
    5.447    0.753    0.374    4.244    0.578    2.216     32.700      9.700     32.850     10.480
    6.230    0.741    6.167    4.069    0.509    2.313     32.700     20.090     34.200     19.570
    4.069    0.509    2.313    1.183    0.698    5.442     32.700     20.090     33.900     21.130
    2.731    0.343    4.647    1.438    0.342    4.114     32.700     42.260     32.850     42.520
    2.731    0.343    4.647    4.535    0.837    1.183     32.700     42.780     32.850     42.700
    0.626    0.656    4.915    5.447    0.753    0.374     32.850      7.880     33.300      7.620
    5.447    0.753    0.374    2.731    0.688    3.119     32.850     10.480     34.800     11.600
    2.731    0.688    3.119    4.244    0.578    2.216     32.850     10.480     33.150     12.380
    2.500    0.997    4.068    2.731    0.688    3.119     33.150     12.380     34.800     11.600
    3.078    0.450    3.831    0.481    0.642    6.274     33.300      6.580     34.350      6.320
    0.626    0.656    4.915    0.481    0.642    6.274     33.300      6.580     33.300      7.620
    0.481    0.642    6.274    5.447    0.753    0.374     33.300      7.620     34.950      7.880
    3.398    0.706    3.526    0.932    0.808    5.743     33.300     41.920     33.750     38.880
    3.398    0.706    3.526    0.932    0.808    5.743     33.750     38.880     35.400     36.550
    3.498    0.809    3.012    0.515    0.542    6.125     33.750      2.510     33.900      3.290
    0.515    0.542    6.125    0.444    0.640    0.013     33.750      2.510     34.950      0.430
    3.078    0.450    3.831    0.515    0.542    6.125     33.900      3.290     34.650      3.200
    6.230    0.741    6.167    5.455    0.794    1.325     33.900     17.840     34.650     19.310
    5.455    0.794    1.325    2.500    0.997    4.068     33.900     17.840     35.850     16.710
    2.500    0.997    4.068    5.455    0.794    1.325     35.850     16.710     35.850     15.160
    4.069    0.509    2.313    5.997    0.438    0.185     33.900     21.130     34.200     19.570
    5.997    0.438    0.185    1.183    0.698    5.442     33.900     21.130     34.800     23.560
    6.230    0.741    6.167    5.997    0.438    0.185     34.200     19.570     34.650     19.310
    3.078    0.450    3.831    1.476    0.765    5.186     34.350      6.320     35.100      5.370
    1.476    0.765    5.186    0.481    0.642    6.274     34.350      6.320     34.950      7.880
    0.932    0.808    5.743    2.398    0.395    4.057     34.350     42.700     34.800     42.950
    0.515    0.542    6.125    6.178    0.647    0.442     34.650      3.200     35.400      0.690
    6.178    0.647    0.442    3.078    0.450    3.831     34.650      3.200     35.100      5.370
    5.455    0.794    1.325    5.997    0.438    0.185     34.650     19.310     35.700     19.400
    2.500    0.997    4.068    5.447    0.753    0.374     34.800     11.600     35.250     11.520
    1.274    0.674    5.707    5.997    0.438    0.185     34.800     23.560     36.450     23.470
    1.476    0.765    5.186    5.447    0.753    0.374     34.950      7.880     36.150      8.400
    1.476    0.765    5.186    6.178    0.647    0.442     35.100      5.370     36.750      5.280
    5.447    0.753    0.374    0.775    0.378    5.534     35.250     11.520     36.300      9.700
    0.775    0.378    5.534    2.500    0.997    4.068     35.250     11.520     36.300     12.820
    0.932    0.808    5.743    1.274    0.674    5.707     35.400     36.550     39.300     34.640
    2.500    0.997    4.068    0.540    0.676    5.749     35.700     14.200     35.850     14.120
    5.997    0.438    0.185    4.176    0.723    2.585     35.700     19.400     36.450     23.470
    4.176    0.723    2.585    5.455    0.794    1.325     35.700     19.400     38.100     17.840
    2.500    0.997    4.068    4.639    0.566    1.831     35.850     14.120     36.300     12.820
    4.639    0.566    1.831    0.540    0.676    5.749     35.850     14.120     36.150     14.640
    1.476    0.765    5.186    3.619    0.307    3.259     36.150      8.400     37.200      8.490
    3.619    0.307    3.259    5.447    0.753    0.374     36.150      8.400     36.300      9.700
    3.619    0.307    3.259    0.775    0.378    5.534     36.300      9.700     36.750      9.790
    0.775    0.378    5.534    4.639    0.566    1.831     36.300     12.820     38.250     12.380
    4.176    0.723    2.585    1.274    0.674    5.707     36.450     23.470     38.400     24.080
    4.176    0.723    2.585    1.274    0.674    5.707     38.400     24.080     40.350     26.410
    2.372    0.662    3.369    6.178    0.647    0.442     36.750      1.130     37.350      4.070
    6.178    0.647    0.442    4.177    0.913    2.419     36.750      5.280     37.350      4.070
    4.177    0.913    2.419    1.476    0.765    5.186     36.750      5.280     37.350      8.400
    0.775    0.378    5.534    4.858    0.685    1.802     36.750      9.790     38.100     11.090
    4.858    0.685    1.802    3.619    0.307    3.259     36.750      9.790     37.200      8.490
    4.639    0.566    1.831    5.455    0.794    1.325     36.750     15.160     38.100     17.840
    4.858    0.685    1.802    1.476    0.765    5.186     37.200      8.490     37.350      8.400
    5.273    0.490    0.810    0.932    0.808    5.743     37.200     42.780     37.800     42.780
    4.177    0.913    2.419    2.372    0.662    3.369     37.350      4.070     40.650      3.720
    4.177    0.913    2.419    4.858    0.685    1.802     37.350      8.400     38.400      8.660
    0.775    0.378    5.534    4.113    0.633    2.895     38.100     11.090     38.250     12.380
    4.113    0.633    2.895    4.858    0.685    1.802     38.100     11.090     39.900     10.220
    4.176    0.723    2.585    4.639    0.566    1.831     38.100     17.840     40.500     18.010
    4.176    0.723    2.585    4.639    0.566    1.831     40.500     18.010     42.900     19.920
    4.639    0.566    1.831    4.113    0.633    2.895     38.250     12.380     40.050     12.900
    4.639    0.566    1.831    4.113    0.633    2.895     40.050     12.900     40.950     12.040
    4.177    0.913    2.419    4.509    0.259    1.638     38.400      8.660     39.900      7.620
    4.509    0.259    1.638    4.858    0.685    1.802     38.400      8.660     40.050      9.960
    3.069    0.650    3.796    0.932    0.808    5.743     38.700     42.950     39.150     42.700
    1.274    0.674    5.707    4.292    0.717    1.606     39.300     34.640     38.400     31.350
    1.274    0.674    5.707    4.292    0.717    1.606     38.400     31.350     40.350     26.410
    4.292    0.717    1.606    0.932    0.808    5.743     39.300     34.640     39.900     34.990
    4.177    0.913    2.419    2.716    0.626    3.589     39.900      7.620     40.050      7.360
    2.716    0.626    3.589    4.509    0.259    1.638     39.900      7.620     41.400      9.530
    4.858    0.685    1.802    5.117    0.213    0.728     39.900     10.220     40.050      9.960
    5.117    0.213    0.728    4.113    0.633    2.895     39.900     10.220     40.950     12.040
    0.932    0.808    5.743    3.949    0.636    2.213     39.900     34.990     41.250     35.770
    3.949    0.636    2.213    4.292    0.717    1.606     39.900     34.990     41.400     35.510
    4.509    0.259    1.638    5.117    0.213    0.728     40.050      9.960     41.400      9.700
    2.716    0.626    3.589    4.177    0.913    2.419     40.350      7.190     40.800      7.100
    4.292    0.717    1.606    4.176    0.723    2.585     40.350     26.410     41.700     26.330
    2.372    0.662    3.369    4.048    0.740    1.521     40.650      3.720     42.750      2.170
    4.048    0.740    1.521    4.177    0.913    2.419     40.650      3.720     41.250      4.590
    4.177    0.913    2.419    5.490    0.426    1.304     40.800      7.100     41.250      4.590
    5.490    0.426    1.304    2.716    0.626    3.589     40.800      7.100     41.850      8.230
    5.117    0.213    0.728    4.639    0.566    1.831     40.950     12.040     42.900     11.260
    5.490    0.426    1.304    4.048    0.740    1.521     41.250      4.590     44.100      2.770
    0.932    0.808    5.743    0.914    0.618    6.125     41.250     35.770     43.800     40.700
    0.914    0.618    6.125    3.949    0.636    2.213     41.250     35.770     41.400     35.510
    4.509    0.259    1.638    5.369    0.698    1.611     41.400      9.530     41.400      9.700
    5.369    0.698    1.611    2.716    0.626    3.589     41.400      9.530     41.850      8.230
    5.369    0.698    1.611    5.117    0.213    0.728     41.400      9.700     43.050     10.310
    0.914    0.618    6.125    4.292    0.717    1.606     41.400     35.510     42.900     34.640
    0.914    0.618    6.125    4.292    0.717    1.606     42.900     34.640     42.900     33.430
    0.914    0.618    6.125    4.292    0.717    1.606     42.900     33.430     44.700     31.520
    2.768    0.658    3.973    2.372    0.662    3.369     41.700      1.390     42.750      2.170
    4.176    0.723    2.585    2.387    0.722    4.616     41.700     26.330     43.800     22.690
    2.387    0.722    4.616    4.292    0.717    1.606     41.700     26.330     43.200     27.190
    5.369    0.698    1.611    5.490    0.426    1.304     41.850      8.230     43.200      8.490
    2.768    0.658    3.973    4.048    0.740    1.521     42.750      2.170     44.100      2.770
    5.117    0.213    0.728    1.633    1.203    4.572     42.900     11.260     43.050     10.310
    1.633    1.203    4.572    4.639    0.566    1.831     42.900     11.260     44.100     12.120
    1.633    1.203    4.572    4.639    0.566    1.831     44.100     12.120     44.400     14.720
    4.176    0.723    2.585    3.940    0.694    2.950     42.900     19.920     43.350     21.390
    3.940    0.694    2.950    4.639    0.566    1.831     42.900     19.920     45.450     19.140
    1.633    1.203    4.572    5.369    0.698    1.611     43.050     10.310     43.800      9.700
    5.369    0.698    1.611    4.777    0.442    1.013     43.200      8.490     43.800      9.700
    4.777    0.442    1.013    5.490    0.426    1.304     43.200      8.490     45.600      6.410
    4.292    0.717    1.606    2.046    0.636    4.883     43.200     27.190     45.300     29.790
    2.046    0.636    4.883    2.387    0.722    4.616     43.200     27.190     45.900     25.810
    2.387    0.722    4.616    2.046    0.636    4.883     45.900     25.810     45.900     24.080
    0.932    0.808    5.743    3.376    0.067    2.427     43.200     41.920     43.800     40.700
    3.940    0.694    2.950    6.109    0.751    0.640     43.350     21.390     45.150     21.220
    6.109    0.751    0.640    4.176    0.723    2.585     43.350     21.390     43.800     22.690
    3.376    0.067    2.427    3.091    0.801    3.498     43.350     42.180     43.650     42.520
    3.376    0.067    2.427    5.783    0.997    0.112     43.650     42.700     43.800     42.780
    4.777    0.442    1.013    1.633    1.203    4.572     43.800      9.700     45.900     10.050
    6.109    0.751    0.640    2.387    0.722    4.616     43.800     22.690     45.450     22.950
    3.376    0.067    2.427    0.914    0.618    6.125     43.800     40.700     44.700     40.700
    5.490    0.426    1.304    2.768    0.658    3.973     44.100      2.770     44.400      2.770
    5.490    0.426    1.304    1.384    0.672    5.009     44.400      2.770     44.850      3.720
    1.384    0.672    5.009    2.768    0.658    3.973     44.400      2.770     46.350      1.130
    4.639    0.566    1.831    1.247    0.197    5.405     44.400     14.720     44.250     15.680
    4.639    0.566    1.831    1.247    0.197    5.405     44.250     15.680     45.900     16.970
    1.247    0.197    5.405    1.633    1.203    4.572     44.400     14.720     46.800     13.340
    4.292    0.717    1.606    3.409    0.537    3.233     44.700     31.520     45.300     30.480
    3.409    0.537    3.233    0.914    0.618    6.125     44.700     31.520     44.850     32.300
    3.376    0.067    2.427    4.696    0.365    2.116     44.700     40.700     45.600     41.920
    4.696    0.365    2.116    0.914    0.618    6.125     44.700     40.700     44.850     32.300
    6.246    0.719    0.093    3.376    0.067    2.427     44.700     42.780     44.850     42.700
    1.384    0.672    5.009    0.915    0.691    5.682     44.850      3.720     46.350      4.070
    0.915    0.691    5.682    5.490    0.426    1.304     44.850      3.720     44.400      5.540
    0.915    0.691    5.682    5.490    0.426    1.304     44.400      5.540     45.600      6.410
    3.409    0.537    3.233    4.696    0.365    2.116     44.850     32.300     47.400     31.520
    6.109    0.751    0.640    0.161    0.434    6.023     45.150     21.220     45.450     22.950
    0.161    0.434    6.023    3.940    0.694    2.950     45.150     21.220     46.350     19.830
    4.292    0.717    1.606    5.644    0.573    1.207     45.300     29.790     45.300     30.480
    5.644    0.573    1.207    2.046    0.636    4.883     45.300     29.790     46.200     29.270
    5.644    0.573    1.207    3.409    0.537    3.233     45.300     30.480     46.350     29.700
    3.376    0.067    2.427    0.202    0.751    0.290     45.300     42.440     45.600     41.920
    3.940    0.694    2.950    4.462    0.810    2.265     45.450     19.140     46.200     19.570
    4.462    0.810    2.265    4.639    0.566    1.831     45.450     19.140     45.900     16.970
    0.161    0.434    6.023    2.387    0.722    4.616     45.450     22.950     45.900     24.080
    4.777    0.442    1.013    0.915    0.691    5.682     45.600      6.410     46.050      6.320
    4.696    0.365    2.116    0.202    0.751    0.290     45.600     41.920     50.850     40.620
    1.633    1.203    4.572    3.803    0.296    2.974     45.900     10.050     46.800     11.090
    3.803    0.296    2.974    4.777    0.442    1.013     45.900     10.050     47.550      8.230
    1.247    0.197    5.405    4.462    0.810    2.265     45.900     16.970     47.700     17.320
    2.046    0.636    4.883    0.161    0.434    6.023     45.900     24.080     47.250     23.990
    0.915    0.691    5.682    2.004    0.568    4.563     46.050      6.320     46.650      5.800
    2.004    0.568    4.563    4.777    0.442    1.013     46.050      6.320     47.550      7.190
    4.777    0.442    1.013    2.004    0.568    4.563     47.550      7.190     47.550      8.230
    4.462    0.810    2.265    3.132    0.594    3.464     46.200     19.570     47.400     18.530
    3.132    0.594    3.464    3.940    0.694    2.950     46.200     19.570     46.350     19.830
    5.644    0.573    1.207    1.764    0.261    4.428     46.200     29.270     46.350     29.700
    1.764    0.261    4.428    2.046    0.636    4.883     46.200     29.270     46.200     27.710
    1.764    0.261    4.428    2.046    0.636    4.883     46.200     27.710     48.600     25.290
    2.768    0.658    3.973    2.689    0.799    3.818     46.350      1.130     46.050      0.090
    2.689    0.799    3.818    1.384    0.672    5.009     46.350      1.130     47.400      0.690
    0.915    0.691    5.682    6.168    0.343    0.790     46.350      4.070     46.650      5.800
    6.168    0.343    0.790    1.384    0.672    5.009     46.350      4.070     47.850      2.680
    3.132    0.594    3.464    0.161    0.434    6.023     46.350     19.830     47.400     19.920
    1.764    0.261    4.428    3.409    0.537    3.233     46.350     29.700     47.400     31.520
    6.168    0.343    0.790    2.004    0.568    4.563     46.650      5.800     48.450      6.150
    1.633    1.203    4.572    3.395    0.229    2.269     46.800     11.090     46.800     13.340
    3.395    0.229    2.269    3.803    0.296    2.974     46.800     11.090     48.900     11.260
    3.395    0.229    2.269    1.247    0.197    5.405     46.800     13.340     48.600     14.200
    0.161    0.434    6.023    5.577    0.387    0.606     47.250     23.990     48.900     23.040
    5.577    0.387    0.606    2.046    0.636    4.883     47.250     23.990     48.600     24.770
    1.384    0.672    5.009    5.129    0.204    0.814     47.400      0.690     47.850      2.680
    5.129    0.204    0.814    2.689    0.799    3.818     47.400      0.690     47.850      0.090
    4.462    0.810    2.265    0.309    0.587    0.146     47.400     18.530     47.700     17.320
    3.132    0.594    3.464    0.309    0.587    0.146     47.400     18.530     47.550     18.620
    0.161    0.434    6.023    4.742    0.264    1.209     47.400     19.920     49.500     22.000
    4.742    0.264    1.209    3.132    0.594    3.464     47.400     19.920     47.550     18.620
    1.764    0.261    4.428    4.696    0.365    2.116     47.400     31.520     52.800     35.160
    3.803    0.296    2.974    2.004    0.568    4.563     47.550      8.230     49.350      8.920
    4.742    0.264    1.209    0.309    0.587    0.146     47.550     18.620     48.600     18.530
    4.742    0.264    1.209    0.309    0.587    0.146     48.600     18.530     48.600     16.970
    0.309    0.587    0.146    1.247    0.197    5.405     47.700     17.320     48.600     16.970
    5.129    0.204    0.814    6.168    0.343    0.790     47.850      2.680     49.800      4.330
    5.129    0.204    0.814    6.168    0.343    0.790     49.800      4.330     49.950      5.630
    2.004    0.568    4.563    6.230    0.624    6.005     48.450      6.150     49.350      7.880
    6.230    0.624    6.005    6.168    0.343    0.790     48.450      6.150     49.950      5.630
    1.247    0.197    5.405    1.239    0.399    4.986     48.600     14.200     48.900     15.930
    1.239    0.399    4.986    3.395    0.229    2.269     48.600     14.200     48.750     13.940
    1.247    0.197    5.405    4.742    0.264    1.209     48.600     16.970     48.900     15.930
    5.577    0.387    0.606    1.844    0.399    4.316     48.600     24.770     49.500     24.080
    2.046    0.636    4.883    1.844    0.399    4.316     48.600     24.770     48.600     25.290
    1.844    0.399    4.316    1.764    0.261    4.428     48.600     25.290     50.250     24.850
    4.675    0.464    2.247    3.395    0.229    2.269     48.750     13.940     49.350     11.340
    1.239    0.399    4.986    4.675    0.464    2.247     48.750     13.940     50.400     13.340
    3.803    0.296    2.974    5.174    0.671    1.164     48.900     11.260     49.500      9.010
    5.174    0.671    1.164    3.395    0.229    2.269     48.900     11.260     49.350     11.340
    1.239    0.399    4.986    4.742    0.264    1.209     48.900     15.930     52.500     15.930
    5.577    0.387    0.606    4.965    0.744    2.076     48.900     23.040     49.500     24.080
    4.965    0.744    2.076    0.161    0.434    6.023     48.900     23.040     49.500     22.000
    6.230    0.624    6.005    2.827    0.546    4.357     49.350      7.880     50.250      6.320
    2.827    0.546    4.357    2.004    0.568    4.563     49.350      7.880     49.350      8.920
    2.827    0.546    4.357    3.803    0.296    2.974     49.350      8.920     49.500      9.010
    4.675    0.464    2.247    5.174    0.671    1.164     49.350     11.340     50.550     11.860
    5.174    0.671    1.164    2.827    0.546    4.357     49.500      9.010     50.850      9.440
    4.965    0.744    2.076    4.742    0.264    1.209     49.500     22.000     52.650     19.140
    1.844    0.399    4.316    4.965    0.744    2.076     49.500     24.080     50.250     24.850
    6.230    0.624    6.005    5.129    0.204    0.814     49.950      5.630     50.400      5.890
    6.230    0.624    6.005    4.074    0.355    2.412     50.250      6.320     50.400      5.890
    4.074    0.355    2.412    2.827    0.546    4.357     50.250      6.320     52.050      7.710
    1.764    0.261    4.428    4.965    0.744    2.076     50.250     24.850     53.550     25.370
    4.074    0.355    2.412    5.129    0.204    0.814     50.400      5.890     53.400      6.060
    4.675    0.464    2.247    6.159    1.240    0.205     50.400     13.340     51.000     12.300
    6.159    1.240    0.205    1.239    0.399    4.986     50.400     13.340     51.900     13.680
    4.675    0.464    2.247    2.467    0.604    4.206     50.550     11.860     51.000     12.300
    2.467    0.604    4.206    5.174    0.671    1.164     50.550     11.860     52.500     11.600
    2.827    0.546    4.357    2.312    0.999    3.951     50.850      9.440     51.600      9.180
    2.312    0.999    3.951    5.174    0.671    1.164     50.850      9.440     52.050      9.440
    4.696    0.365    2.116    5.098    0.617    0.566     50.850     40.620     52.050     39.060
    5.098    0.617    0.566    0.202    0.751    0.290     50.850     40.620     52.650     41.140
    2.467    0.604    4.206    6.159    1.240    0.205     51.000     12.300     52.350     12.380
    2.827    0.546    4.357    1.651    0.776    4.577     51.600      9.180     52.050      7.880
    1.651    0.776    4.577    2.312    0.999    3.951     51.600      9.180     52.050      9.440
    1.239    0.399    4.986    4.513    1.101    2.099     51.900     13.680     52.500     15.930
    4.513    1.101    2.099    6.159    1.240    0.205     51.900     13.680     52.800     13.160
    2.827    0.546    4.357    3.154    0.581    3.897     52.050      7.710     52.050      7.880
    3.154    0.581    3.897    4.074    0.355    2.412     52.050      7.710     53.550      7.360
    3.154    0.581    3.897    1.651    0.776    4.577     52.050      7.880     52.800      9.180
    1.651    0.776    4.577    5.174    0.671    1.164     52.050      9.440     52.800      9.180
    4.696    0.365    2.116    1.833    0.758    4.044     52.050     39.060     52.800     35.160
    1.833    0.758    4.044    5.098    0.617    0.566     52.050     39.060     52.650     41.140
    6.159    1.240    0.205    0.158    0.273    5.939     52.350     12.380     52.500     12.820
    0.158    0.273    5.939    2.467    0.604    4.206     52.350     12.380     52.500     12.300
    4.513    1.101    2.099    4.742    0.264    1.209     52.500     15.930     53.400     16.280
    4.965    0.744    2.076    4.025    0.363    2.168     52.650     19.140     54.750     19.140
    4.025    0.363    2.168    4.742    0.264    1.209     52.650     19.140     53.850     17.230
    1.833    0.758    4.044    0.202    0.751    0.290     52.650     41.140     52.800     41.220
    3.154    0.581    3.897    5.174    0.671    1.164     52.800      9.180     53.550      9.440
    1.764    0.261    4.428    1.833    0.758    4.044     52.800     35.160     55.500     33.600
    0.202    0.751    0.290    5.665    0.742    0.478     52.800     41.220     52.650     43.040
    5.665    0.742    0.478    1.833    0.758    4.044     52.800     41.220     55.800     41.220
    4.513    1.101    2.099    5.681    0.658    0.762     53.100     13.160     54.300     15.240
    5.129    0.204    0.814    4.014    0.484    2.557     53.400      6.060     54.300      5.020
    4.014    0.484    2.557    4.074    0.355    2.412     53.400      6.060     53.550      7.360
    5.174    0.671    1.164    1.302    0.440    3.941     53.400     11.260     53.850     11.000
    2.511    0.587    4.003    1.066    0.257    0.231     53.400     12.300     53.550     12.380
    1.066    0.257    0.231    0.029    0.765    6.271     53.400     12.820     53.550     12.380
    4.742    0.264    1.209    3.919    0.813    2.325     53.400     16.280     53.850     17.230
    3.919    0.813    2.325    4.513    1.101    2.099     53.400     16.280     54.300     15.760
    4.014    0.484    2.557    3.154    0.581    3.897     53.550      7.360     54.000      7.450
    3.154    0.581    3.897    5.915    0.619    5.970     53.550      9.440     54.000      7.450
    5.915    0.619    5.970    5.174    0.671    1.164     53.550      9.440     54.000      9.700
    0.029    0.765    6.271    2.511    0.587    4.003     53.550     12.380     53.850     12.380
    1.764    0.261    4.428    5.114    0.778    0.530     53.550     25.370     54.450     26.930
    5.114    0.778    0.530    4.965    0.744    2.076     53.550     25.370     54.900     25.630
    5.174    0.671    1.164    0.659    0.761    4.917     53.850     11.000     54.150     10.480
    0.659    0.761    4.917    1.302    0.440    3.941     53.850     11.000     54.000     11.090
    0.029    0.765    6.271    0.209    0.208    0.369     53.850     12.380     54.000     12.820
    0.209    0.208    0.369    2.511    0.587    4.003     53.850     12.380     54.000     12.300
    4.025    0.363    2.168    3.919    0.813    2.325     53.850     17.230     54.300     17.320
    5.915    0.619    5.970    4.014    0.484    2.557     54.000      7.450     54.900      7.100
    0.659    0.761    4.917    5.084    0.441    1.553     54.150     11.000     54.300     10.570
    1.718    0.572    4.340    0.209    0.208    0.369     54.150     12.380     54.300     12.820
    5.129    0.204    0.814    5.646    0.731    6.245     54.300      5.020     55.500      2.770
    5.646    0.731    6.245    4.014    0.484    2.557     54.300      5.020     56.100      4.500
    4.513    1.101    2.099    5.608    0.452    0.302     54.300     15.240     54.300     15.760
    5.608    0.452    0.302    5.681    0.658    0.762     54.300     15.240     55.050     14.120
    3.919    0.813    2.325    5.608    0.452    0.302     54.300     15.760     54.600     16.970
    4.025    0.363    2.168    2.590    0.970    3.971     54.300     17.320     54.750     19.140
    2.590    0.970    3.971    3.919    0.813    2.325     54.300     17.320     54.600     16.970
    1.764    0.261    4.428    3.917    0.623    3.059     54.450     26.930     55.950     32.300
    3.917    0.623    3.059    5.114    0.778    0.530     54.450     26.930     54.900     25.630
    1.718    0.572    4.340    3.006    0.452    2.851     54.600     12.640     54.600     12.820
    5.608    0.452    0.302    2.590    0.970    3.971     54.600     16.970     56.850     17.060
    4.965    0.744    2.076    2.590    0.970    3.971     54.750     19.140     57.300     19.050
    4.014    0.484    2.557    5.316    0.169    1.701     54.900      7.100     56.250      5.110
    5.316    0.169    1.701    5.915    0.619    5.970     54.900      7.100     55.500      7.450
    1.785    0.525    3.806    3.006    0.452    2.851     54.900     12.300     54.900     12.820
    3.917    0.623    3.059    4.965    0.744    2.076     54.900     25.630     58.800     23.210
    3.917    0.623    3.059    4.965    0.744    2.076     58.800     23.210     60.300     20.960
    5.322    0.656    1.722    5.129    0.204    0.814     55.500      2.770     56.100      1.210
    5.646    0.731    6.245    5.322    0.656    1.722     55.500      2.770     56.400      3.460
    5.915    0.619    5.970    1.785    0.525    3.806     55.500      7.450     55.800      8.490
    1.785    0.525    3.806    5.316    0.169    1.701     55.500      7.450     57.450      6.670
    1.785    0.525    3.806    5.608    0.452    0.302     55.500     13.860     57.600     14.720
    1.764    0.261    4.428    0.555    0.653    5.804     55.500     33.600     55.950     32.300
    0.555    0.653    5.804    1.833    0.758    4.044     55.500     33.600     57.450     34.900
    5.915    0.619    5.970    2.868    0.685    2.870     55.650      8.920     55.800      8.490
    1.785    0.525    3.806    2.868    0.685    2.870     55.800      8.490     55.950      8.920
    5.665    0.742    0.478    5.426    0.922    0.422     55.800     41.220     56.100     42.780
    5.426    0.922    0.422    1.833    0.758    4.044     55.800     41.220     57.600     40.180
    3.917    0.623    3.059    0.555    0.653    5.804     55.950     32.300     57.450     34.900
    5.226    0.919    0.735    5.129    0.204    0.814     56.100      1.210     54.450      0.090
    5.322    0.656    1.722    5.226    0.919    0.735     56.100      1.210     56.550      0.610
    5.646    0.731    6.245    4.564    0.160    1.305     56.100      4.500     56.400      3.460
    4.564    0.160    1.305    4.014    0.484    2.557     56.100      4.500     56.250      5.110
    5.665    0.742    0.478    0.926    0.827    5.697     56.100     42.780     55.950     43.040
    0.926    0.827    5.697    5.426    0.922    0.422     56.100     42.780     57.900     41.920
    5.316    0.169    1.701    4.564    0.160    1.305     56.250      5.110     57.600      5.890
    5.322    0.656    1.722    4.564    0.160    1.305     56.400      3.460     58.050      2.680
    2.590    0.970    3.971    1.443    0.795    5.139     56.850     17.060     57.300     19.050
    1.443    0.795    5.139    5.608    0.452    0.302     56.850     17.060     57.600     15.760
    5.322    0.656    1.722    5.034    0.360    0.583     57.300      0.690     57.450      1.130
    1.443    0.795    5.139    4.965    0.744    2.076     57.300     19.050     59.100     19.920
    1.785    0.525    3.806    0.506    0.270    5.747     57.450      6.670     58.350      7.710
    0.506    0.270    5.747    5.316    0.169    1.701     57.450      6.670     57.600      5.890
    3.917    0.623    3.059    1.833    0.758    4.044     57.450     34.900     57.600     34.990
    0.506    0.270    5.747    4.564    0.160    1.305     57.600      5.890     58.650      5.800
    5.608    0.452    0.302    4.902    0.603    0.760     57.600     14.720     57.600     15.760
    4.902    0.603    0.760    1.785    0.525    3.806     57.600     14.720     59.250     14.980
    1.443    0.795    5.139    4.902    0.603    0.760     57.600     15.760     59.100     15.420
    1.833    0.758    4.044    0.615    0.424    5.785     57.600     34.990     57.750     40.100
    0.615    0.424    5.785    3.917    0.623    3.059     57.600     34.990     59.850     35.420
    0.615    0.424    5.785    3.917    0.623    3.059     59.850     35.420     60.150     36.290
    5.426    0.922    0.422    3.816    0.659    1.935     57.600     40.180     58.050     41.480
    3.816    0.659    1.935    1.833    0.758    4.044     57.600     40.180     57.750     40.100
    0.615    0.424    5.785    3.816    0.659    1.935     57.750     40.100     59.850     39.580
    5.322    0.656    1.722    1.447    0.433    4.606     57.900      1.730     58.350      1.990
    5.426    0.922    0.422    1.722    0.583    4.683     57.900     41.920     58.050     41.480
    1.722    0.583    4.683    0.926    0.827    5.697     57.900     41.920     58.350     42.000
    0.850    0.420    5.249    5.099    0.454    1.337     58.050      1.130     58.350      1.130
    1.722    0.583    4.683    3.816    0.659    1.935     58.050     41.480     58.350     41.480
    0.817    0.802    6.226    1.722    0.583    4.683     58.350     41.480     58.350     42.000
    0.817    0.802    6.226    3.816    0.659    1.935     58.350     41.480     60.300     40.180
    0.926    0.827    5.697    0.817    0.802    6.226     58.350     42.000     58.500     42.440
    4.564    0.160    1.305    0.825    0.496    4.913     58.500      2.770     58.650      3.200
    0.817    0.802    6.226    4.584    0.439    2.005     58.500     42.440     58.950     43.040
    4.584    0.439    2.005    0.926    0.827    5.697     58.500     42.440     58.050     43.040
    0.825    0.496    4.913    0.162    0.613    5.511     58.650      3.200     58.800      2.770
    4.564    0.160    1.305    0.162    0.613    5.511     58.650      3.200     58.800      3.290
    4.564    0.160    1.305    2.985    0.715    3.913     58.650      5.800     59.250      5.110
    2.985    0.715    3.913    0.506    0.270    5.747     58.650      5.800     59.250      6.320
    1.785    0.525    3.806    5.852    0.589    6.101     58.950      8.230     59.700      9.010
    1.785    0.525    3.806    5.852    0.589    6.101     59.700      9.010     61.050      7.880
    4.564    0.160    1.305    3.248    0.301    3.338     59.100      4.850     59.250      5.110
    4.902    0.603    0.760    2.642    0.733    4.373     59.100     15.420     59.250     14.980
    2.642    0.733    4.373    1.443    0.795    5.139     59.100     15.420     60.600     15.760
    4.965    0.744    2.076    0.925    0.676    5.202     59.100     19.920     60.300     20.960
    0.925    0.676    5.202    1.443    0.795    5.139     59.100     19.920     61.800     19.400
    1.115    0.736    5.023    3.248    0.301    3.338     59.250      4.590     59.400      4.500
    2.985    0.715    3.913    3.248    0.301    3.338     59.250      5.110     59.550      4.590
    2.642    0.733    4.373    1.785    0.525    3.806     59.250     14.980     60.900     14.720
    1.115    0.736    5.023    0.672    0.280    5.358     59.400      3.810     59.550      4.070
    0.615    0.424    5.785    3.379    0.515    3.001     59.850     39.580     60.150     36.290
    3.379    0.515    3.001    3.816    0.659    1.935     59.850     39.580     60.300     40.180
    2.985    0.715    3.913    5.852    0.589    6.101     60.000      6.580     60.600      6.580
    3.379    0.515    3.001    3.917    0.623    3.059     60.150     36.290     62.100     35.680
    3.379    0.515    3.001    3.917    0.623    3.059     62.100     35.680     64.050     36.460
    2.985    0.715    3.913    4.522    0.735    1.369     60.300      5.020     60.450      4.590
    3.917    0.623    3.059    0.925    0.676    5.202     60.300     20.960     60.900     21.130
    0.817    0.802    6.226    3.379    0.515    3.001     60.300     40.180     62.400     40.360
    0.972    0.472    5.226    1.465    0.348    5.539     60.600      2.770     60.600      2.940
    2.985    0.715    3.913    1.465    0.348    5.539     60.600      6.580     61.500      6.060
    2.985    0.715    3.913    1.465    0.348    5.539     61.500      6.060     60.900      3.980
    1.465    0.348    5.539    5.852    0.589    6.101     60.600      6.580     61.050      7.880
    1.443    0.795    5.139    1.704    1.025    4.649     60.600     15.760     62.250     19.140
    1.704    1.025    4.649    2.642    0.733    4.373     60.600     15.760     60.900     14.720
    1.704    1.025    4.649    1.785    0.525    3.806     60.900     14.720     62.100     13.160
    1.704    1.025    4.649    1.785    0.525    3.806     62.100     13.160     64.800     12.300
    0.925    0.676    5.202    5.843    0.469    6.076     60.900     21.130     61.800     19.400
    5.843    0.469    6.076    3.917    0.623    3.059     60.900     21.130     68.100     27.710
    1.465    0.348    5.539    1.785    0.525    3.806     61.050      7.880     62.700      9.530
    1.465    0.348    5.539    1.785    0.525    3.806     62.700      9.530     65.250      9.790
    5.843    0.469    6.076    1.443    0.795    5.139     61.800     19.400     62.250     19.140
    5.843    0.469    6.076    1.704    1.025    4.649     62.250     19.140     67.950     17.750
    3.379    0.515    3.001    4.151    0.201    1.780     62.400     40.360     64.200     39.140
    4.151    0.201    1.780    0.817    0.802    6.226     62.400     40.360     63.750     42.700
    4.151    0.201    1.780    0.493    0.155    5.322     63.750     42.700     64.800     42.440
    0.493    0.155    5.322    0.817    0.802    6.226     63.750     42.700     63.450     43.040
    3.917    0.623    3.059    2.967    0.294    4.042     64.050     36.460     64.950     35.770
    2.967    0.294    4.042    3.379    0.515    3.001     64.050     36.460     64.650     37.330
    1.465    0.348    5.539    2.466    0.388    3.292     64.200      3.290     64.800      3.290
    3.931    0.439    2.712    3.379    0.515    3.001     64.200     39.140     64.650     37.500
    4.151    0.201    1.780    3.931    0.439    2.712     64.200     39.140     65.250     39.400
    4.211    0.563    2.325    2.466    0.388    3.292     64.650      3.200     64.800      3.290
    3.379    0.515    3.001    0.369    0.429    5.804     64.650     37.330     64.650     37.500
    0.369    0.429    5.804    2.967    0.294    4.042     64.650     37.330     65.400     36.720
    0.369    0.429    5.804    2.967    0.294    4.042     65.400     36.720     64.950     35.770
    0.369    0.429    5.804    3.931    0.439    2.712     64.650     37.500     65.700     38.620
    1.465    0.348    5.539    4.211    0.563    2.325     64.800      3.290     64.950      3.200
    5.809    0.772    1.104    1.785    0.525    3.806     64.800     12.120     65.400     10.570
    4.151    0.201    1.780    2.675    0.420    4.136     64.800     42.440     65.700     40.360
    2.675    0.420    4.136    0.493    0.155    5.322     64.800     42.440     65.400     42.780
    4.211    0.563    2.325    2.144    0.615    3.759     64.950      3.200     65.100      2.770
    1.465    0.348    5.539    2.144    0.615    3.759     64.950      3.200     65.250      3.200
    0.369    0.429    5.804    3.917    0.623    3.059     64.950     35.770     66.300     34.640
    5.809    0.772    1.104    1.704    1.025    4.649     65.100     12.300     65.550     12.380
    3.557    0.741    1.954    2.144    0.615    3.759     65.250      3.200     65.400      2.770
    3.557    0.741    1.954    1.465    0.348    5.539     65.250      3.200     65.700      2.770
    1.785    0.525    3.806    3.508    0.827    2.142     65.250      9.790     65.400     10.570
    3.508    0.827    2.142    1.465    0.348    5.539     65.250      9.790     65.400      9.530
    4.151    0.201    1.780    0.923    0.925    5.834     65.250     39.400     65.700     40.360
    0.923    0.925    5.834    3.931    0.439    2.712     65.250     39.400     65.700     38.620
    5.809    0.772    1.104    3.508    0.827    2.142     65.400     10.570     66.150     11.340
    0.493    0.155    5.322    5.420    0.763    1.109     65.400     42.780     64.950     43.040
    5.420    0.763    1.109    2.675    0.420    4.136     65.400     42.780     65.700     42.780
    3.508    0.827    2.142    1.465    0.348    5.539     65.550      9.270     66.150      8.920
    5.809    0.772    1.104    3.898    0.260    1.801     65.700     12.300     66.150     12.040
    0.923    0.925    5.834    0.369    0.429    5.804     65.700     38.620     67.200     39.140
    0.923    0.925    5.834    2.675    0.420    4.136     65.700     40.360     66.750     40.440
    5.420    0.763    1.109    2.139    0.543    4.844     65.700     42.780     66.150     43.040
    2.139    0.543    4.844    2.675    0.420    4.136     65.700     42.780     66.750     41.140
    1.465    0.348    5.539    5.153    0.840    0.923     66.150      8.920     66.600      8.140
    5.153    0.840    0.923    3.508    0.827    2.142     66.150      8.920     66.900     10.220
    5.153    0.840    0.923    3.508    0.827    2.142     66.900     10.220     66.150     11.340
    5.809    0.772    1.104    5.153    0.840    0.923     66.150     11.340     66.450     11.860
    3.917    0.623    3.059    3.268    0.566    3.206     66.300     34.640     68.400     30.830
    3.268    0.566    3.206    0.369    0.429    5.804     66.300     34.640     70.650     35.770
    1.465    0.348    5.539    5.275    0.795    0.412     66.600      8.140     66.600      7.450
    1.465    0.348    5.539    5.275    0.795    0.412     66.600      7.450     67.800      7.450
    5.275    0.795    0.412    5.153    0.840    0.923     66.600      8.140     67.800      7.970
    2.675    0.420    4.136    2.449    0.848    4.034     66.750     40.440     66.750     41.140
    2.449    0.848    4.034    0.923    0.925    5.834     66.750     40.440     67.200     39.140
    2.449    0.848    4.034    2.139    0.543    4.844     66.750     41.140     68.550     42.520
    2.449    0.848    4.034    0.369    0.429    5.804     67.200     39.140     69.600     38.800
    5.275    0.795    0.412    0.038    0.794    6.235     67.800      7.450     67.800      7.970
    0.038    0.794    6.235    1.465    0.348    5.539     67.800      7.450     69.450      5.800
    5.153    0.840    0.923    0.038    0.794    6.235     67.800      7.970     69.750      7.880
    1.704    1.025    4.649    0.175    0.820    5.488     67.950     17.750     70.200     14.900
    0.175    0.820    5.488    5.843    0.469    6.076     67.950     17.750     70.650     18.620
    3.917    0.623    3.059    1.546    0.458    5.042     68.100     27.710     68.400     30.830
    1.546    0.458    5.042    5.843    0.469    6.076     68.100     27.710     70.650     27.450
    1.704    1.025    4.649    5.153    0.840    0.923     68.250     12.900     70.200     14.900
    3.268    0.566    3.206    1.546    0.458    5.042     68.400     30.830     70.650     30.570
    2.139    0.543    4.844    4.481    0.494    1.746     68.550     42.520     68.550     43.040
    4.481    0.494    1.746    2.449    0.848    4.034     68.550     42.520     70.050     42.520
    1.465    0.348    5.539    1.028    0.417    4.861     69.150      4.590     69.450      5.110
    1.028    0.417    4.861    1.383    0.248    4.323     69.450      4.590     69.600      5.020
    0.369    0.429    5.804    0.288    0.303    5.603     69.600     38.800     70.650     37.500
    0.288    0.303    5.603    2.449    0.848    4.034     69.600     38.800     70.650     39.060
    5.180    0.822    1.280    4.481    0.494    1.746     70.050     42.520     70.050     43.040
    5.180    0.822    1.280    2.449    0.848    4.034     70.050     42.520     70.650     42.000
    0.038    0.794    6.235    0.712    0.762    5.487     70.200      6.930     70.200      7.100
    0.712    0.762    5.487    2.269    0.780    4.375     70.200      7.100     70.350      7.190
    0.038    0.794    6.235    2.269    0.780    4.375     70.200      7.100     70.200      7.620
    5.153    0.840    0.923    0.175    0.820    5.488     70.200     14.900     70.650     14.980
    5.153    0.840    0.923    2.269    0.780    4.375     70.350      7.710     70.650      7.710
